
808	9775
812	9002
816	15896
820	13886
824	6245
828	2463
832	6815
835	6926
839	9279
843	15205
847	13003
851	2316
855	8789
859	12142
863	9910
867	10480
871	14183
875	13402
878	6559
882	9380
886	11795
890	4777
894	7928
898	13015
902	10548
906	6392
910	9608
914	12193
917	10573
921	14582
925	17814
929	11500
933	9157
937	17066
941	17225
945	10488
949	12166
953	19615
957	16353
960	9259
964	19803
968	21533
972	9251
976	7672
980	17278
984	14433
988	6371
992	22782
996	30535
1000	15830
1003	20730
1007	57002
1011	78012
1015	76284
1019	55542
1023	25816
1027	12919
1031	25086
1035	22635
1039	11562
1042	19409
1046	26868
1050	23258
1054	17884
1058	21966
1062	22627
1066	10469
1070	14583
1074	30393
1078	28238
1082	15330
1085	27586
1089	36718
1093	27540
1097	27167
1101	50415
1105	56955
1109	38848
1113	47513
1117	75783
1121	70156
1125	85717
1128	196198
1132	319548
1136	389701
1140	366582
1144	251006
1148	90113
1152	78544
1156	161050
1160	169380
1164	122327
1167	69309
1171	60140
1175	59295
1179	45223
1183	41310
1187	40662
1191	28774
1195	24497
1199	33714
1203	30293
1207	14865
1210	22434
1214	31031
1218	23806
1222	16540
1226	21628
1230	20365
1234	9768
1238	11876
1242	19674
1246	14067
1250	1856
1253	13134
1257	14339
1261	7751
1265	2030
1269	5747
1273	4637
1277	4301
1281	11987
1285	13683
1289	11655
1292	13588
1296	14350
1300	20126
1304	61301
1308	119571
1312	163550
1316	164064
1320	109617
1324	37353
1328	109906
1332	161919
1335	129629
1339	26587
1343	87952
1347	134185
1351	63806
1355	121016
1359	350752
1363	524611
1367	558272
1371	435993
1375	218299
1378	12836
1382	116496
1386	113701
1390	38507
1394	79858
1398	98021
1402	37448
1406	58926
1410	104665
1414	64488
1417	73883
1421	175295
1425	174834
1429	91847
1433	322884
1437	611297
1441	775092
1445	736131
1449	515715
1453	228956
1457	120151
1460	185863
1464	145769
1468	68145
1472	99315
1476	109863
1480	60285
1484	45623
1488	74960
1492	55797
1496	28927
1500	56071
1503	53735
1507	21667
1511	40721
1515	56679
1519	34125
1523	23645
1527	51886
1531	45252
1535	21817
1539	47175
1542	57799
1546	34085
1550	21950
1554	51972
1558	51487
---
808	8115
812	12707
816	12637
820	9246
824	9864
828	12709
832	13027
835	13671
839	18298
843	21127
847	17741
851	11204
855	7535
859	4290
863	5017
867	12714
871	17835
875	18209
878	14410
882	8646
886	3444
890	3628
894	6260
898	8296
902	11947
906	16222
910	17900
914	15411
917	9302
921	1401
925	7210
929	13336
933	13562
937	5813
941	11499
945	26288
949	33328
953	28526
957	16402
960	17479
964	25569
968	22134
972	11673
976	16286
980	20587
984	14708
988	13763
992	22089
996	19877
1000	3344
1003	28623
1007	55654
1011	68786
1015	64516
1019	47059
1023	24617
1027	12427
1031	17002
1035	16711
1039	16101
1042	20212
1046	21030
1050	15610
1054	9416
1058	9420
1062	7314
1066	7896
1070	14150
1074	13542
1078	8380
1082	12013
1085	13635
1089	5868
1093	7430
1097	15822
1101	12919
1105	11614
1109	23551
1113	24923
1117	13106
1121	12076
1125	12349
1128	15198
1132	59228
1136	98703
1140	101901
1144	53254
1148	52604
1152	149523
1156	212118
1160	211962
1164	153581
1167	68826
1171	20129
1175	43982
1179	33664
1183	9052
1187	26169
1191	29050
1195	13448
1199	6627
1203	14852
1207	7512
1210	8687
1214	20323
1218	18764
1222	7805
1226	9520
1230	11424
1234	7568
1238	15529
1242	21866
1246	17837
1250	5228
1253	8926
1257	15461
1261	13230
1265	9019
1269	7279
1273	4802
1277	7317
1281	10229
1285	9241
1289	3669
1292	5927
1296	14641
1300	18097
1304	31813
1308	69013
1312	109312
1316	124953
1320	97919
1324	45221
1328	64562
1332	93199
1335	63387
1339	15975
1343	91098
1347	102831
1351	17434
1355	148304
1359	318688
1363	413095
1367	384655
1371	248532
1375	72517
1378	64436
1382	108942
1386	69100
1390	9632
1394	54422
1398	50010
1402	9062
1406	38453
1410	49921
1414	24587
1417	14458
1421	35107
1425	22654
1429	16700
1433	43187
1437	43715
1441	26736
1445	38056
1449	50257
1453	37063
1457	11337
1460	21770
1464	22603
1468	7273
1472	21680
1476	25972
1480	8727
1484	17468
1488	33298
1492	27476
1496	7543
1500	22609
1503	30923
1507	20528
1511	7895
1515	13123
1519	10509
1523	15861
1527	25472
1531	23514
1535	16095
1539	19983
1542	19567
1546	10553
1550	20106
1554	25473
1558	12249
---
808	14254
812	4067
816	13482
820	19265
824	12255
828	9297
832	26218
835	19848
839	6065
843	22940
847	20277
851	6062
855	12072
859	24640
863	22085
867	1659
871	27503
875	30385
878	7559
882	23062
886	33550
890	23594
894	1758
898	24683
902	34687
906	17913
910	21846
914	39450
917	28093
921	6259
925	23677
929	25970
933	7333
937	25485
941	47294
945	36159
949	11177
953	41220
957	44270
960	18684
964	20523
968	40144
972	31768
976	8581
980	46188
984	53969
988	22974
992	30372
996	51734
1000	37482
1003	23431
1007	60201
1011	75679
1015	52600
1019	45141
1023	65113
1027	42089
1031	15312
1035	59585
1039	59768
1042	15969
1046	45091
1050	81165
1054	58605
1058	16495
1062	82696
1066	87836
1070	25106
1074	63327
1078	105447
1082	70314
1085	31443
1089	122846
1093	133888
1097	45772
1101	121438
1105	199142
1109	136263
1113	68565
1117	249100
1121	282348
1125	78373
1128	433596
1132	963389
1136	1316358
1140	1324060
1144	983632
1148	451967
1152	126607
1156	371016
1160	370538
1164	181634
1167	99206
1171	192688
1175	158388
1179	47602
1183	93596
1187	128807
1191	78464
1195	41239
1199	88487
1203	78754
1207	27391
1210	41144
1214	60339
1218	41191
1222	13449
1226	35236
1230	33393
1234	12490
1238	25990
1242	28123
1246	11051
1250	9516
1253	19561
1257	17567
1261	4855
1265	10635
1269	17284
1273	12238
1277	6252
1281	9776
1285	6869
1289	6285
1292	19377
1296	18304
1300	7497
1304	52010
1308	103737
1312	140618
1316	142144
1320	111682
1324	99049
1328	123915
1332	125639
1335	77611
1339	8451
1343	92673
1347	124994
1351	59343
1355	131940
1359	376497
1363	588965
1367	671933
1371	584001
1375	363700
1378	127412
1382	125418
1386	149918
1390	71623
1394	85188
1398	128524
1402	81019
1406	73270
1410	138410
1414	119862
1417	116547
1421	235579
1425	265512
1429	161178
1433	340878
1437	691484
1441	917435
1445	905206
1449	668156
1453	338877
1457	171701
1460	221240
1464	179467
1468	87229
1472	104632
1476	117298
1480	70952
1484	66081
1488	100058
1492	90667
1496	76869
1500	95501
1503	93860
1507	64877
1511	58278
1515	74036
1519	68825
1523	51620
1527	53979
1531	60378
1535	55047
1539	49103
1542	48138
1546	47308
1550	45161
1554	39741
1558	30469
---
808	12949
812	19956
816	18065
820	11789
824	18121
828	18592
832	10663
835	14421
839	16118
843	9128
847	15749
851	19857
855	10842
859	8728
863	15607
867	11360
871	13894
875	20674
878	15410
882	10789
886	19028
890	16864
894	8965
898	15334
902	16441
906	14698
910	20339
914	18487
917	9174
921	15519
925	17416
929	9668
933	16832
937	21269
941	12722
945	12922
949	19314
953	12763
957	11263
960	19736
964	15835
968	10061
972	16917
976	14150
980	7133
984	15146
988	13423
992	4968
996	15722
1000	16202
1003	4725
1007	20003
1011	36555
1015	46097
1019	45616
1023	30753
1027	13280
1031	26719
1035	27998
1039	10916
1042	26042
1046	36505
1050	20859
1054	14220
1058	32405
1062	24420
1066	12551
1070	32460
1074	27602
1078	9948
1082	36646
1085	37537
1089	12924
1093	41193
1097	49992
1101	16154
1105	48098
1109	74463
1113	38152
1117	59503
1121	123835
1125	92009
1128	88347
1132	317708
1136	507738
1140	543338
1144	391174
1148	120887
1152	136535
1156	261602
1160	222432
1164	83196
1167	65447
1171	110627
1175	63546
1179	25917
1183	71888
1187	52711
1191	20918
1195	62193
1199	56807
1203	15261
1207	47264
1210	56453
1214	24421
1218	30130
1222	46342
1226	26166
1230	27191
1234	43682
1238	26201
1242	25038
1246	47556
1250	34566
1253	16667
1257	45418
1261	42086
1265	17866
1269	42451
1273	46622
1277	22637
1281	42189
1285	51802
1289	24275
1292	44733
1296	66422
1300	36451
1304	51346
1308	110027
1312	113000
1316	59419
1320	44122
1324	70372
1328	42441
1332	38988
1335	71981
1339	52689
1343	78737
1347	129672
1351	91373
1355	149578
1359	403330
1363	625475
1367	701916
1371	600189
1375	382251
1378	173396
1382	108958
1386	102175
1390	63519
1394	61768
1398	65126
1402	42262
1406	39876
1410	44357
1414	26786
1417	24698
1421	32402
1425	23566
1429	30057
1433	37642
1437	23695
1441	16590
1445	28188
1449	18123
1453	8887
1457	27047
1460	22444
1464	2125
1468	20474
1472	19887
1476	1771
1480	19673
1484	21245
1488	3485
1492	17642
1496	22122
1500	6494
1503	14643
1507	21180
1511	7069
1515	14678
1519	23479
1523	10768
1527	12156
1531	24314
1535	14698
1539	7701
1542	20952
1546	12314
1550	10801
1554	26506
1558	19179
---
808	7182
812	6548
816	10724
820	8732
824	8666
828	14353
832	15904
835	12524
839	8624
843	7808
847	10214
851	15681
855	22773
859	30120
863	33403
867	26472
871	10329
875	8260
878	14290
882	10706
886	8627
890	12003
894	13968
898	12100
902	6584
906	1291
910	5177
914	12774
917	18104
921	22879
925	32949
929	43611
933	45619
937	35222
941	29192
945	45042
949	55201
953	48525
957	31949
960	22200
964	26022
968	24605
972	16060
976	16645
980	22468
984	22208
988	12238
992	10244
996	28079
1000	32771
1003	29574
1007	48961
1011	81070
1015	103549
1019	103222
1023	79103
1027	48274
1031	37649
1035	37632
1039	27278
1042	17267
1046	30952
1050	47072
1054	56765
1058	62673
1062	65571
1066	59344
1070	44755
1074	48023
1078	70940
1082	80725
1085	68832
1089	57781
1093	61830
1097	50394
1101	34946
1105	66160
1109	83543
1113	80833
1117	114569
1121	142310
1125	115185
1128	265566
1132	593395
1136	908530
1140	1057143
1144	947132
1148	597192
1152	207531
1156	416722
1160	637280
1164	617062
1167	408386
1171	143782
1175	60961
1179	122854
1183	75857
1187	32471
1191	82132
1195	78436
1199	52733
1203	69083
1207	76094
1210	51246
1214	35921
1218	57269
1222	64921
1226	53718
1230	42228
1234	49613
1238	60910
1242	55753
1246	37972
1250	42540
1253	52738
1257	33456
1261	29269
1265	74469
1269	88043
1273	65004
1277	63341
1281	86082
1285	69975
1289	42416
1292	96749
1296	120484
1300	67005
1304	71972
1308	183344
1312	226252
1316	181075
1320	172278
1324	304654
1328	416302
1332	421345
1335	315552
1339	147157
1343	52107
1347	138128
1351	121645
1355	39343
1359	242267
1363	446039
1367	552976
1371	516781
1375	355498
1378	145938
1382	29191
1386	89991
1390	63379
1394	3345
1398	52334
1402	57056
1406	42885
1410	54064
1414	55769
1417	55815
1421	75199
1425	65750
1429	19517
1433	106425
1437	205384
1441	260070
1445	250806
1449	188811
1453	101101
1457	13771
1460	49966
1464	74951
1468	73376
1472	82791
1476	96629
1480	81728
1484	39789
1488	40278
1492	60207
1496	39999
1500	10725
1503	45560
1507	47724
1511	18392
1515	16224
1519	26882
1523	25644
1527	52351
1531	57958
1535	21630
1539	41620
1542	52554
1546	31332
1550	210050
1554	421413
1558	567012
---
808	18829
812	20975
816	15995
820	13342
824	20477
828	20464
832	13212
835	15425
839	19278
843	15035
847	12016
851	15238
855	14003
859	12036
863	16553
867	19098
871	19726
875	21704
878	19112
882	11781
886	13937
890	17860
894	14003
898	12134
902	16950
906	14852
910	9414
914	15667
917	17598
921	12214
925	14418
929	17856
933	12642
937	10150
941	17045
945	16604
949	11320
953	14843
957	15570
960	9629
964	14139
968	18079
972	11873
976	8283
980	15729
984	14866
988	6401
992	9272
996	12501
1000	14272
1003	25718
1007	41471
1011	59121
1015	71433
1019	66391
1023	40003
1027	2751
1031	29230
1035	36213
1039	16784
1042	15298
1046	32973
1050	24895
1054	6573
1058	29239
1062	33227
1066	12703
1070	19164
1074	36837
1078	26399
1082	8531
1085	36385
1089	38416
1093	10722
1097	30011
1101	48707
1105	30382
1109	18534
1113	57488
1117	57304
1121	24268
1125	65858
1128	99998
1132	112893
1136	176361
1140	246840
1144	230630
1148	180246
1152	383154
1156	656396
1160	796398
1164	720040
1167	459310
1171	137443
1175	107739
1179	183529
1183	110137
1187	32849
1191	110689
1195	98645
1199	27604
1203	67501
1207	83639
1210	40715
1214	45121
1218	71769
1222	44685
1226	31851
1230	68289
1234	57740
1238	25053
1242	57844
1246	64892
1250	31979
1253	37100
1257	53612
1261	31439
1265	41897
1269	65736
1273	43164
1277	35464
1281	76408
1285	65672
1289	29916
1292	87908
1296	98329
1300	32049
1304	141674
1308	266423
1312	292397
1316	198648
1320	61060
1324	137923
1328	195090
1332	161442
1335	85451
1339	31407
1343	1304
1347	44014
1351	65917
1355	68917
1359	151804
1363	259843
1367	310504
1371	274524
1375	183867
1378	114661
1382	97829
1386	71411
1390	44167
1394	54449
1398	46895
1402	20133
1406	33934
1410	38402
1414	19502
1417	31171
1421	43230
1425	28014
1429	18334
1433	35386
1437	30854
1441	16931
1445	28393
1449	27559
1453	7421
1457	24415
1460	34234
1464	20065
1468	18118
1472	33897
1476	26007
1480	10718
1484	31177
1488	32457
1492	10622
1496	25031
1500	37582
1503	20862
1507	18608
1511	44672
1515	39188
1519	11132
1523	43428
1527	54998
1531	24619
1535	41894
1539	81982
1542	65427
1546	57390
1550	189545
1554	317895
1558	377037
---
808	84961
812	37683
816	59754
820	90331
824	59823
828	39002
832	81712
835	77138
839	56682
843	96543
847	110215
851	68150
855	30574
859	49073
863	24378
867	32131
871	70618
875	59395
878	40910
882	75986
886	70317
890	9367
894	70504
898	98688
902	61644
906	61337
910	108368
914	91024
917	22154
921	73609
925	93046
929	47067
933	70903
937	109404
941	71803
945	29089
949	94225
953	90351
957	43592
960	102875
964	132547
968	80866
972	24952
976	75546
980	51469
984	31408
988	95303
992	82419
996	4395
1000	98935
1003	124632
1007	57663
1011	49838
1015	107961
1019	66100
1023	48410
1027	128078
1031	103578
1035	23600
1039	147586
1042	173229
1046	71990
1050	124321
1054	221624
1058	166220
1062	41303
1066	182603
1070	196141
1074	48431
1078	150154
1082	221543
1085	95484
1089	155329
1093	310200
1097	223819
1101	92425
1105	382456
1109	408006
1113	85987
1117	436581
1121	697078
1125	371694
1128	615202
1132	1859854
1136	2801235
1140	2944109
1144	2185661
1148	889624
1152	512359
1156	1199253
1160	1217805
1164	767478
1167	361352
1171	358205
1175	261775
1179	96709
1183	229573
1187	233871
1191	103073
1195	98129
1199	126121
1203	59788
1207	115274
1210	152722
1214	76841
1218	57495
1222	140805
1226	118304
1230	23838
1234	86797
1238	112132
1242	61983
1246	36441
1250	64235
1253	38699
1257	45182
1261	74097
1265	50290
1269	5440
1273	39845
1277	24739
1281	31240
1285	64982
1289	49228
1292	32143
1296	66546
1300	32856
1304	91448
1308	239848
1312	327706
1316	302870
1320	208997
1324	196468
1328	243704
1332	217579
1335	129778
1339	93900
1343	105699
1347	60681
1351	37061
1355	124439
1359	183417
1363	208350
1367	200673
1371	160191
1375	103430
1378	68202
1382	58188
1386	37790
1390	21660
1394	39783
1398	47545
1402	30839
1406	6520
1410	45649
1414	62947
1417	48743
1421	45202
1425	78044
1429	82790
1433	68793
1437	122632
1441	183696
1445	184427
1449	117820
1453	25422
1457	54087
1460	71289
1464	55059
1468	55955
1472	46856
1476	4339
1480	62069
1484	93207
1488	73253
1492	17711
1496	35820
1500	52359
1503	32408
1507	30164
1511	40255
1515	17961
1519	35492
1523	62121
1527	41119
1531	26015
1535	102126
1539	135997
1542	88444
1546	52445
1550	234251
1554	399560
1558	477989
---
808	12861
812	10530
816	22931
820	19705
824	2363
828	20290
832	26014
835	12991
839	10428
843	26376
847	25098
851	8006
855	17732
859	26489
863	15255
867	10103
871	24687
875	21690
878	4861
882	18914
886	26127
890	13978
894	12048
898	27043
902	21598
906	5626
910	24913
914	29867
917	13971
921	13279
925	30298
929	24637
933	3176
937	28117
941	34566
945	16212
949	14309
953	31912
957	25286
960	2781
964	29047
968	35074
972	13638
976	20564
980	39307
984	27885
988	6667
992	38674
996	44109
1000	15539
1003	30096
1007	61767
1011	57125
1015	20604
1019	20806
1023	36269
1027	17475
1031	19322
1035	43278
1039	33230
1042	6445
1046	45928
1050	52789
1054	18816
1058	32341
1062	60447
1066	42108
1070	14699
1074	65849
1078	72605
1082	22132
1085	54344
1089	98302
1093	71297
1097	15639
1101	101999
1105	120016
1109	40306
1113	97931
1117	199818
1121	170159
1125	24827
1128	329539
1132	626456
1136	800190
1140	799102
1144	661955
1148	504004
1152	458157
1156	526526
1160	593782
1164	574643
1167	439850
1171	222145
1175	20838
1179	140484
1183	154683
1187	71220
1191	44283
1195	100827
1199	80215
1203	10592
1207	61153
1210	78604
1214	40330
1218	23570
1222	60274
1226	49228
1230	5747
1234	42854
1238	53000
1242	24392
1246	20973
1250	47911
1253	39175
1257	3183
1261	32318
1265	40618
1269	18339
1273	16468
1277	35810
1281	27895
1285	2631
1289	25181
1292	29026
1296	11517
1300	7989
1304	3722
1308	32401
1312	85823
1316	128330
1320	137072
1324	110128
1328	69358
1332	42287
1335	26037
1339	27543
1343	45984
1347	38002
1351	13605
1355	85668
1359	154609
1363	186833
1367	168939
1371	112861
1375	46325
1378	5095
1382	26389
1386	21979
1390	5098
1394	9077
1398	13719
1402	13110
1406	14596
1410	17150
1414	15985
1417	10654
1421	8062
1425	8420
1429	5638
1433	5611
1437	10192
1441	12050
1445	8295
1449	767
1453	5240
1457	6176
1460	6428
1464	9541
1468	10684
1472	7457
1476	4823
1480	10397
1484	11708
1488	8249
1492	10257
1496	13852
1500	10843
1503	3485
1507	13292
1511	18360
1515	10434
1519	7974
1523	22551
1527	22541
1531	5250
1535	25825
1539	43808
1542	29775
1546	29023
1550	110517
1554	187394
1558	224611
---
808	35798
812	12031
816	16667
820	26288
824	13790
828	11141
832	20458
835	13985
839	24262
843	43470
847	47147
851	37243
855	45294
859	67886
863	71016
867	43841
871	5104
875	50031
878	73539
882	69540
886	49601
890	30068
894	57124
898	113465
902	149143
906	134579
910	82122
914	81919
917	115559
921	94815
925	43975
929	94045
933	131383
937	103987
941	42476
945	69805
949	111277
953	121332
957	114685
960	92612
964	48685
968	7238
972	37127
976	36704
980	19580
984	23332
988	24808
992	35833
996	61624
1000	71299
1003	63736
1007	67711
1011	85806
1015	93509
1019	80848
1023	50685
1027	34488
1031	54340
1035	54644
1039	23096
1042	19791
1046	42410
1050	30796
1054	21335
1058	34929
1062	31035
1066	62400
1070	91854
1074	75337
1078	63547
1082	109450
1085	104834
1089	19594
1093	94061
1097	146688
1101	89138
1105	51101
1109	128567
1113	84792
1117	167490
1121	309398
1125	197495
1128	358514
1132	1158534
1136	1918496
1140	2228933
1144	1851878
1148	873914
1152	334027
1156	1259917
1160	1597070
1164	1327955
1167	726765
1171	170621
1175	112003
1179	69599
1183	104222
1187	204808
1191	143027
1195	77810
1199	202048
1203	212212
1207	98751
1210	51046
1214	121257
1218	93846
1222	35406
1226	52427
1230	36624
1234	48379
1238	87605
1242	78677
1246	44456
1250	28594
1253	16589
1257	96043
1261	157215
1265	158479
1269	135555
1273	151464
1277	150544
1281	128398
1285	165149
1289	176255
1292	94585
1296	67835
1300	101360
1304	53155
1308	327605
1312	581184
1316	604579
1320	353468
1324	409419
1328	807038
1332	901998
1335	578136
1339	45310
1343	410858
1347	409865
1351	96008
1355	800148
1359	1370270
1363	1499318
1367	1166924
1371	620919
1375	229770
1378	177843
1382	142886
1386	195470
1390	183818
1394	86740
1398	189336
1402	204322
1406	112263
1410	259705
1414	309746
1417	127965
1421	269804
1425	416522
1429	300245
1433	914224
1437	1889856
1441	2571654
1445	2581864
1449	1907140
1453	917044
1457	376555
1460	567591
1464	437887
1468	216603
1472	350265
1476	326459
1480	130427
1484	249411
1488	331520
1492	208646
1496	59911
1500	177799
1503	174530
1507	84076
1511	87704
1515	126144
1519	168741
1523	200155
1527	152561
1531	95635
1535	170069
1539	180317
1542	84325
1546	89670
1550	149285
1554	131758
1558	222744
---
808	9654
812	8988
816	10292
820	11694
824	8419
828	9837
832	13954
835	11285
839	4066
843	8807
847	12334
851	8359
855	9567
859	15674
863	13751
867	10037
871	13751
875	12959
878	7215
882	9567
886	13102
890	11495
894	10898
898	12074
902	8835
906	11160
910	16368
914	13913
917	13278
921	20444
925	21292
929	15422
933	18576
937	27195
941	28407
945	24675
949	22899
953	20607
957	16391
960	13354
964	12038
968	16554
972	22102
976	21335
980	18434
984	23331
988	25479
992	19913
996	21909
1000	27019
1003	26599
1007	35126
1011	43710
1015	34157
1019	12470
1023	29604
1027	38846
1031	20909
1035	19716
1039	40638
1042	33998
1046	23893
1050	44169
1054	43698
1058	18553
1062	37600
1066	54516
1070	37379
1074	35734
1078	62250
1082	53473
1085	37189
1089	71660
1093	76399
1097	42826
1101	73991
1105	107009
1109	77552
1113	71209
1117	142319
1121	146325
1125	90820
1128	215024
1132	393260
1136	501881
1140	503950
1144	387189
1148	173138
1152	317105
1156	694226
1160	951046
1164	956075
1167	701011
1171	307789
1175	81982
1179	235598
1183	199009
1187	54971
1191	112055
1195	139701
1199	61552
1203	59043
1207	109805
1210	73256
1214	19990
1218	81660
1222	77368
1226	13343
1230	57223
1234	76593
1238	33392
1242	33268
1246	67705
1250	44498
1253	15037
1257	57973
1261	52852
1265	7015
1269	45795
1273	55325
1277	15326
1281	42508
1285	64998
1289	30055
1292	36202
1296	76617
1300	51912
1304	69416
1308	182327
1312	257695
1316	266608
1320	258858
1324	294792
1328	321279
1332	270504
1335	147882
1339	116884
1343	211605
1347	184976
1351	37459
1355	391983
1359	766471
1363	993170
1367	962177
1371	680545
1375	276152
1378	74529
1382	229606
1386	181060
1390	22455
1394	112826
1398	137955
1402	57323
1406	52711
1410	105104
1414	68580
1417	17798
1421	81524
1425	76595
1429	15234
1433	52650
1437	72943
1441	39777
1445	36883
1449	65643
1453	45717
1457	11840
1460	52278
1464	49845
1468	8059
1472	39379
1476	52656
1480	24757
1484	24115
1488	50736
1492	38778
1496	15309
1500	41976
1503	42040
1507	13377
1511	29086
1515	41098
1519	23273
1523	12777
1527	31857
1531	26919
1535	5474
1539	16123
1542	20154
1546	16575
1550	37053
1554	91370
1558	153957
---
808	50631
812	60836
816	58135
820	46989
824	55568
828	61145
832	53577
835	55986
839	59167
843	48236
847	50708
851	63178
855	57866
859	51351
863	58606
867	53782
871	44145
875	54998
878	56437
882	44133
886	55247
890	65422
894	51969
898	48394
902	61050
906	54316
910	48097
914	62180
917	59465
921	44130
925	55645
929	62668
933	48811
937	49887
941	57738
945	47742
949	52646
953	65495
957	51418
960	38919
964	60051
968	59517
972	40683
976	52368
980	57749
984	40507
988	51408
992	63867
996	46405
1000	36456
1003	41135
1007	31234
1011	72769
1015	109245
1019	91665
1023	39432
1027	66330
1031	81128
1035	45124
1039	60183
1042	87587
1046	58035
1050	46606
1054	85881
1058	70050
1062	44446
1066	91015
1070	87042
1074	44281
1078	100845
1082	117799
1085	51490
1089	89043
1093	143895
1097	97566
1101	108800
1105	200749
1109	168484
1113	101834
1117	267513
1121	296646
1125	135680
1128	583358
1132	1185011
1136	1577805
1140	1567485
1144	1146214
1148	518446
1152	452968
1156	880502
1160	1044240
1164	897253
1167	548388
1171	189019
1175	173934
1179	226055
1183	137840
1187	82097
1191	144001
1195	122930
1199	56937
1203	93477
1207	106482
1210	58827
1214	54242
1218	81758
1222	55552
1226	24061
1230	66082
1234	69055
1238	35151
1242	36856
1246	51289
1250	31895
1253	22137
1257	47214
1261	46896
1265	21534
1269	8879
1273	21231
1277	9423
1281	16961
1285	33350
1289	28136
1292	4875
1296	21983
1300	42468
1304	64662
1308	95878
1312	125683
1316	149837
1320	178502
1324	206358
1328	207318
1332	166252
1335	94794
1339	24619
1343	28204
1347	33940
1351	11179
1355	27186
1359	61392
1363	89829
1367	107910
1371	109037
1375	94468
1378	77662
1382	67998
1386	57753
1390	47510
1394	47236
1398	43622
1402	40315
1406	62813
1410	74824
1414	57371
1417	78807
1421	135181
1425	150479
1429	145713
1433	237900
1437	373332
1441	444746
1445	409664
1449	295002
1453	179926
1457	132880
1460	108082
1464	61900
1468	38940
1472	51425
1476	46749
1480	42765
1484	45970
1488	34050
1492	19029
1496	32059
1500	34207
1503	15534
1507	11245
1511	27872
1515	25019
1519	8050
1523	14234
1527	18791
1531	8467
1535	20692
1539	31163
1542	17944
1546	23650
1550	74974
1554	125878
1558	162257
---
808	23373
812	22728
816	22434
820	15834
824	9871
828	10505
832	20334
835	27415
839	26840
843	25831
847	24915
851	20054
855	14266
859	11573
863	12389
867	14445
871	20827
875	25181
878	23321
882	21915
886	20513
890	14729
894	9768
898	10991
902	15404
906	18218
910	21461
914	24454
917	23196
921	20755
925	17019
929	10491
933	7070
937	13663
941	23972
945	25522
949	20104
953	22042
957	21204
960	12891
964	10544
968	13294
972	16844
976	18915
980	21437
984	22865
988	21568
992	25194
996	25005
1000	15882
1003	8856
1007	15698
1011	24606
1015	20744
1019	11657
1023	24907
1027	25694
1031	12576
1035	11917
1039	13999
1042	10967
1046	9337
1050	19384
1054	25642
1058	19868
1062	21027
1066	23978
1070	15407
1074	14436
1078	20417
1082	20653
1085	14112
1089	22784
1093	34594
1097	27720
1101	28199
1105	39463
1109	29037
1113	18362
1117	44089
1121	54060
1125	33612
1128	104316
1132	220818
1136	294063
1140	280142
1144	184658
1148	63921
1152	134431
1156	221616
1160	220881
1164	145968
1167	60541
1171	35574
1175	39295
1179	25784
1183	6442
1187	29582
1191	28228
1195	7386
1199	24349
1203	22809
1207	2592
1210	14099
1214	18031
1218	15102
1222	5991
1226	17096
1230	22928
1234	13326
1238	17162
1242	21142
1246	10736
1250	2128
1253	10776
1257	17942
1261	16312
1265	9822
1269	17169
1273	16646
1277	11445
1281	15003
1285	14354
1289	10997
1292	4131
1296	13163
1300	28872
1304	32870
1308	26328
1312	30264
1316	38984
1320	33669
1324	24656
1328	29127
1332	31098
1335	33273
1339	31179
1343	10644
1347	21156
1351	37025
1355	26596
1359	20167
1363	44186
1367	64160
1371	76304
1375	70860
1378	42588
1382	5504
1386	18550
1390	20309
1394	9485
1398	1045
1402	10067
1406	15833
1410	13905
1414	15662
1417	19420
1421	12965
1425	5183
1429	8360
1433	8081
1437	7344
1441	3770
1445	9486
1449	11389
1453	7052
1457	11333
1460	11320
1464	5388
1468	6757
1472	7847
1476	8536
1480	5786
1484	10728
1488	17781
1492	15697
1496	11549
1500	11155
1503	7317
1507	3359
1511	5028
1515	11701
1519	11623
1523	2975
1527	9501
1531	10365
1535	5314
1539	7509
1542	5457
1546	7277
1550	8870
1554	7903
1558	12185
---
808	20095
812	13238
816	19404
820	23048
824	16542
828	12135
832	18472
835	18366
839	14804
843	18093
847	18325
851	14302
855	18227
859	21894
863	17330
867	14158
871	20222
875	20873
878	15308
882	16770
886	20424
890	17949
894	16300
898	18628
902	17644
906	14369
910	14102
914	13719
917	12181
921	13924
925	14712
929	12059
933	12264
937	14896
941	14603
945	12764
949	12492
953	14242
957	16482
960	15818
964	13183
968	17068
972	21051
976	15706
980	5185
984	13274
988	17009
992	10933
996	9436
1000	15893
1003	14281
1007	9825
1011	14268
1015	13112
1019	6501
1023	15440
1027	19662
1031	13142
1035	10201
1039	16539
1042	14538
1046	9183
1050	14997
1054	15206
1058	9306
1062	16054
1066	18507
1070	11441
1074	17963
1078	25992
1082	19390
1085	6069
1089	19019
1093	21536
1097	10462
1101	18788
1105	25800
1109	14908
1113	16250
1117	30272
1121	22638
1125	9566
1128	48070
1132	72951
1136	68885
1140	37953
1144	6037
1148	51974
1152	94527
1156	124843
1160	132724
1164	117308
1167	88135
1171	57014
1175	30794
1179	16598
1183	23155
1187	23912
1191	11019
1195	13089
1199	20696
1203	12488
1207	8258
1210	18648
1214	14969
1218	1573
1222	19338
1226	26296
1230	17838
1234	2519
1238	10121
1242	7656
1246	3952
1250	12999
1253	12142
1257	9388
1261	16737
1265	17987
1269	8078
1273	6620
1277	15391
1281	12653
1285	3642
1289	4561
1292	1972
1296	5101
1300	6944
1304	4300
1308	21525
1312	35915
1316	35091
1320	18124
1324	18276
1328	33428
1332	30629
1335	13938
1339	10242
1343	12111
1347	322
1351	14213
1355	15248
1359	8235
1363	42130
1367	71456
1371	77083
1375	56535
1378	25694
1382	14141
1386	15052
1390	9306
1394	17855
1398	22164
1402	15247
1406	11338
1410	14639
1414	10464
1417	10334
1421	15730
1425	12232
1429	5694
1433	11391
1437	10758
1441	5996
1445	15607
1449	19161
1453	10284
1457	7029
1460	16698
1464	14100
1468	3574
1472	12430
1476	15829
1480	8345
1484	5018
1488	12750
1492	11216
1496	7409
1500	12324
1503	12608
1507	8669
1511	10945
1515	11722
1519	6625
1523	7658
1527	11558
1531	8013
1535	5032
1539	12739
1542	14884
1546	13220
1550	15556
1554	16807
1558	12000
---
808	15175
812	14510
816	12333
820	11038
824	11801
828	13788
832	16123
835	17079
839	15737
843	14697
847	16594
851	18081
855	16239
859	13412
863	14639
867	17375
871	16620
875	13134
878	12819
882	15005
886	14983
890	14610
894	15949
898	16313
902	14571
906	12297
910	10627
914	10357
917	12605
921	15130
925	15537
929	14316
933	12050
937	8039
941	6191
945	10369
949	13121
953	12856
957	12475
960	13241
964	12378
968	10889
972	13118
976	15184
980	13311
984	9950
988	9619
992	10939
996	12179
1000	13573
1003	13637
1007	11922
1011	12091
1015	14447
1019	14222
1023	10706
1027	7833
1031	8693
1035	10610
1039	11815
1042	11844
1046	11878
1050	13666
1054	14723
1058	12751
1062	11699
1066	13775
1070	12842
1074	8135
1078	7919
1082	10900
1085	10103
1089	9815
1093	12977
1097	11439
1101	4596
1105	9657
1109	12628
1113	6516
1117	7272
1121	14091
1125	10618
1128	6909
1132	26718
1136	40675
1140	37295
1144	16474
1148	30172
1152	70586
1156	103861
1160	116814
1164	102174
1167	65070
1171	23773
1175	20096
1179	28922
1183	20096
1187	8911
1191	16042
1195	15427
1199	10190
1203	15559
1207	17788
1210	14431
1214	14267
1218	14773
1222	10874
1226	10858
1230	14535
1234	12712
1238	11496
1242	15074
1246	12715
1250	6880
1253	12831
1257	15371
1261	8382
1265	6366
1269	16030
1273	17105
1277	11638
1281	12420
1285	14568
1289	11384
1292	12229
1296	16049
1300	14959
1304	12481
1308	13433
1312	11741
1316	4965
1320	7303
1324	11343
1328	8434
1332	5426
1335	8678
1339	9128
1343	7544
1347	6464
1351	5885
1355	9633
1359	13192
1363	11442
1367	13642
1371	24558
1375	29419
1378	23017
1382	13066
1386	15208
1390	17239
1394	11710
1398	8776
1402	13303
1406	12776
1410	9320
1414	9998
1417	9365
1421	9161
1425	13921
1429	14994
1433	10008
1437	7334
1441	11075
1445	10334
1449	7826
1453	11703
1457	12818
1460	8144
1464	7657
1468	11294
1472	10419
1476	9057
1480	11392
1484	11569
1488	8553
1492	9439
1496	12585
1500	11879
1503	8970
1507	8094
1511	8630
1515	10059
1519	11621
1523	10850
1527	8301
1531	8057
1535	9241
1539	9348
1542	10756
1546	12015
1550	9360
1554	5021
1558	7344
---