
808	38612
812	51478
816	52661
820	37660
824	45083
828	53166
832	39835
835	37981
839	52676
843	46406
847	35327
851	51253
855	52546
859	35680
863	45095
867	53662
871	38867
875	37738
878	51438
882	42842
886	32234
890	49356
894	49579
898	34215
902	47248
906	53235
910	34289
914	38921
917	54180
921	41446
925	30064
929	50327
933	48968
937	29779
941	46648
945	55337
949	34642
953	37568
957	54626
960	41001
964	24449
968	44806
972	44053
976	19904
980	35035
984	53470
988	57274
992	65142
996	63228
1000	41778
1003	44884
1007	61124
1011	47823
1015	33741
1019	58452
1023	60042
1027	35433
1031	49980
1035	63725
1039	41575
1042	41744
1046	66190
1050	54038
1054	30912
1058	58842
1062	64743
1066	38181
1070	53380
1074	73437
1078	49586
1082	43477
1085	81142
1089	75971
1093	37304
1097	69454
1101	99104
1105	72119
1109	59436
1113	154451
1117	237596
1121	269533
1125	246265
1128	184152
1132	107617
1136	44298
1140	41879
1144	61095
1148	68883
1152	82546
1156	106674
1160	119736
1164	101010
1167	62394
1171	61014
1175	66347
1179	34686
1183	40260
1187	70071
1191	52030
1195	17703
1199	65223
1203	70364
1207	21684
1210	56691
1214	86538
1218	49005
1222	32339
1226	87350
1230	74767
1234	7221
1238	82822
1242	103817
1246	39268
1250	67599
1253	131798
1257	94194
1261	27351
1265	140886
1269	153277
1273	36359
1277	148171
1281	258246
1285	177558
1289	129040
1292	536846
1296	884910
1300	1018584
1304	891671
1308	580692
1312	241329
1316	111177
1320	175896
1324	162129
1328	109525
1332	62491
1335	97531
1339	143095
1343	109418
1347	11449
1351	142618
1355	190611
1359	169358
1363	345461
1367	610217
1371	761625
1375	716265
1378	511538
1382	284314
1386	173388
1390	109412
1394	40332
1398	120683
1402	139890
1406	88284
1410	63032
1414	145712
1417	339115
1421	585372
1425	752560
1429	732320
1433	517590
1437	214208
1441	103783
1445	197285
1449	158043
1453	67706
1457	92362
1460	135417
1464	186321
1468	221343
1472	179315
1476	66104
1480	71117
1484	126549
1488	88790
1492	20326
1496	90871
1500	92342
1503	19816
1507	67101
1511	100770
1515	58863
1519	26393
1523	104833
1527	158060
1531	200717
1535	219645
1539	177225
1542	73867
1546	40619
1550	98797
1554	77922
1558	9146
---
808	7358
812	15328
816	15256
820	6847
824	12752
828	15709
832	7887
835	10429
839	16471
843	10803
847	9318
851	16082
855	11276
859	7652
863	16478
867	14247
871	5259
875	13386
878	14967
882	7157
886	12609
890	16026
894	6819
898	10661
902	17430
906	10262
910	8423
914	16926
917	12297
921	4638
925	15527
929	14829
933	3824
937	14419
941	17341
945	5916
949	12934
953	19481
957	9756
960	8713
964	19607
968	14622
972	3330
976	19783
980	24584
984	16422
988	9278
992	9601
996	4396
1000	11563
1003	13821
1007	4406
1011	10563
1015	15784
1019	7622
1023	8162
1027	17459
1031	12564
1035	3443
1039	16696
1042	15382
1046	1441
1050	16373
1054	18523
1058	4642
1062	13372
1066	19568
1070	8235
1074	11620
1078	22868
1082	14187
1085	9198
1089	27833
1093	23795
1097	2854
1101	31749
1105	37331
1109	7955
1113	45963
1117	97208
1121	120307
1125	106149
1128	66866
1132	26991
1136	14192
1140	15402
1144	10478
1148	23912
1152	42247
1156	51851
1160	51454
1164	46445
1167	37695
1171	21069
1175	7297
1179	19907
1183	18407
1187	1791
1191	15693
1195	18810
1199	5428
1203	14657
1207	22123
1210	11058
1214	11688
1218	25101
1222	17634
1226	9386
1230	28039
1234	24402
1238	6473
1242	30825
1246	34355
1250	10928
1253	29926
1257	43718
1261	20134
1265	28265
1269	57837
1273	38174
1277	25686
1281	83759
1285	78075
1289	16276
1292	165590
1296	297037
1300	343587
1304	287776
1308	170580
1312	61859
1316	33590
1320	47098
1324	45190
1328	20069
1332	21921
1335	48621
1339	35089
1343	38813
1347	77758
1351	67829
1355	77945
1359	179608
1363	252616
1367	283839
1371	348177
1375	433091
1378	432749
1382	303701
1386	103421
1390	88271
1394	145114
1398	87299
1402	30319
1406	92608
1410	76406
1414	14178
1417	60039
1421	61077
1425	27569
1429	66900
1433	76467
1437	27688
1441	42759
1445	76714
1449	43553
1453	38163
1457	115361
1460	142759
1464	113000
1468	55877
1472	11939
1476	9678
1480	12705
1484	18268
1488	10038
1492	9317
1496	21440
1500	14549
1503	6817
1507	22896
1511	22593
1515	12747
1519	20195
1523	35826
1527	59269
1531	82344
1535	86638
1539	65253
1542	30658
1546	15210
1550	22214
1554	18557
1558	15519
---
808	18232
812	24324
816	28334
820	18283
824	18551
828	28536
832	22778
835	12364
839	24158
843	26088
847	14172
851	19551
855	26822
859	18620
863	17627
867	26175
871	20757
875	15034
878	24342
882	22395
886	12584
890	22868
894	26212
898	13676
902	19060
906	28759
910	19255
914	11670
917	25275
921	22475
925	9506
929	22557
933	26552
937	13489
941	18204
945	27340
949	17056
953	12655
957	25187
960	18672
964	8092
968	26303
972	26669
976	6716
980	24501
984	37436
988	24424
992	4848
996	26390
1000	24233
1003	3999
1007	22302
1011	26466
1015	7943
1019	19584
1023	32782
1027	19842
1031	10724
1035	33828
1039	30230
1042	3346
1046	30125
1050	38906
1054	16795
1058	21149
1062	44983
1066	33381
1070	9428
1074	49407
1078	52840
1082	10796
1085	50650
1089	79366
1093	43524
1097	45512
1101	125780
1105	123083
1109	13805
1113	220803
1117	436338
1121	549064
1125	509075
1128	346009
1132	145387
1136	9214
1140	79238
1144	71103
1148	49259
1152	206552
1156	404054
1160	536632
1164	522459
1167	353616
1171	110679
1175	96407
1179	162451
1183	97339
1187	38311
1191	108601
1195	91600
1199	22385
1203	79854
1207	92591
1210	39375
1214	50028
1218	80780
1222	48230
1226	37337
1230	78670
1234	62676
1238	22676
1242	67491
1246	70051
1250	22575
1253	57662
1257	79211
1261	38200
1265	49982
1269	93515
1273	64689
1277	38804
1281	112399
1285	104190
1289	32622
1292	211901
1296	371857
1300	420224
1304	336013
1308	171530
1312	16131
1316	66396
1320	61477
1324	11553
1328	29789
1332	34251
1335	11441
1339	15454
1343	22057
1347	18188
1351	8467
1355	20835
1359	54842
1363	75049
1367	111807
1371	204696
1375	294639
1378	309820
1382	224104
1386	87412
1390	100966
1394	139744
1398	84291
1402	79395
1406	150439
1410	128482
1414	87995
1417	242871
1421	378873
1425	405904
1429	321896
1433	182127
1437	61635
1441	53365
1445	66506
1449	31878
1453	55302
1457	154057
1460	226791
1464	235407
1468	176538
1472	84987
1476	20383
1480	33163
1484	26502
1488	21439
1492	22108
1496	18399
1500	25926
1503	20156
1507	8533
1511	39084
1515	43630
1519	5532
1523	68607
1527	140983
1531	176381
1535	158705
1539	100847
1542	34121
1546	16623
1550	31304
1554	22923
1558	14241
---
808	8358
812	6984
816	6252
820	5930
824	4920
828	4592
832	5913
835	6643
839	6075
843	7227
847	8214
851	6663
855	5391
859	5565
863	4902
867	4049
871	5212
875	7092
878	7243
882	6859
886	6757
890	5366
894	4737
898	5443
902	4954
906	3755
910	4487
914	6572
917	6454
921	5519
925	6608
929	6086
933	3936
937	3855
941	4308
945	3888
949	3989
953	5945
957	6462
960	4825
964	4784
968	5034
972	3565
976	2274
980	1573
984	1608
988	4898
992	8338
996	8099
1000	4698
1003	6512
1007	8019
1011	5251
1015	3167
1019	5875
1023	6804
1027	4697
1031	7166
1035	10146
1039	7142
1042	6029
1046	10534
1050	9690
1054	4589
1058	8176
1062	13139
1066	10484
1070	8225
1074	16602
1078	16682
1082	9173
1085	17383
1089	23645
1093	15979
1097	16148
1101	35808
1105	37573
1109	20512
1113	67408
1117	130257
1121	166320
1125	157079
1128	105075
1132	32144
1136	37738
1140	65810
1144	47064
1148	55704
1152	146349
1156	233342
1160	277975
1164	260589
1167	186150
1171	87407
1175	41074
1179	65477
1183	54152
1187	23764
1191	33868
1195	40982
1199	24385
1203	19222
1207	33300
1210	27110
1214	12341
1218	24029
1222	25155
1226	11193
1230	15671
1234	23223
1238	14667
1242	8678
1246	21863
1250	19049
1253	5303
1257	18837
1261	20125
1265	4395
1269	14357
1273	19764
1277	6881
1281	17233
1285	27539
1289	6761
1292	48703
1296	111535
1300	147093
1304	133563
1308	78949
1312	23492
1316	42085
1320	44702
1324	22329
1328	32149
1332	41236
1335	25477
1339	28868
1343	44166
1347	34858
1351	32065
1355	60191
1359	72499
1363	83486
1367	135682
1371	193513
1375	210907
1378	174742
1382	103358
1386	34391
1390	32047
1394	39397
1398	23769
1402	13956
1406	19827
1410	17166
1414	10149
1417	5921
1421	13205
1425	24349
1429	28645
1433	21699
1437	14680
1441	21003
1445	20097
1449	9516
1453	31471
1457	65891
1460	91857
1464	96378
1468	77091
1472	42741
1476	6919
1480	18481
1484	23697
1488	11475
1492	5266
1496	12936
1500	8790
1503	1821
1507	7173
1511	9738
1515	7264
1519	2470
1523	20156
1527	45405
1531	67993
1535	73012
1539	54089
1542	20413
1546	11753
1550	26407
1554	22448
1558	10320
---
808	28992
812	28830
816	30103
820	28420
824	28480
828	28711
832	18622
835	14949
839	35108
843	44985
847	46471
851	55964
855	63391
859	52354
863	31962
867	31905
871	37042
875	38899
878	51274
882	60116
886	58984
890	60726
894	61336
898	46094
902	26430
906	31814
910	31888
914	15380
917	16853
921	23498
925	15252
929	15968
933	19629
937	11112
941	20643
945	29934
949	21767
953	19069
957	33835
960	37257
964	35798
968	41185
972	40117
976	29915
980	28394
984	29915
988	22164
992	21222
996	28453
1000	29708
1003	30650
1007	30089
1011	19426
1015	3515
1019	7602
1023	12280
1027	30921
1031	46920
1035	45071
1039	30001
1042	31486
1046	43870
1050	44728
1054	37135
1058	31781
1062	32156
1066	36192
1070	46038
1074	58250
1078	58401
1082	38389
1085	31846
1089	58085
1093	59223
1097	30998
1101	50372
1105	75947
1109	45626
1113	44392
1117	160648
1121	253326
1125	283184
1128	241918
1132	156070
1136	74441
1140	43637
1144	91587
1148	198795
1152	309970
1156	366085
1160	337306
1164	240842
1167	129868
1171	62474
1175	43518
1179	33516
1183	57238
1187	83380
1191	79579
1195	48478
1199	72907
1203	118869
1207	109309
1210	49981
1214	93281
1218	143002
1222	108001
1226	29909
1230	107201
1234	131819
1238	72384
1242	73377
1246	129275
1250	103585
1253	34889
1257	78978
1261	82693
1265	56334
1269	92602
1273	74789
1277	48562
1281	148083
1285	131113
1289	83499
1292	430475
1296	758993
1300	895972
1304	766466
1308	438998
1312	82960
1316	156613
1320	197834
1324	112241
1328	89003
1332	124745
1335	85159
1339	10851
1343	61901
1347	81209
1351	114705
1355	170443
1359	193937
1363	181269
1367	198927
1371	302268
1375	443761
1378	532773
1382	483328
1386	302481
1390	267193
1394	416032
1398	383533
1402	183413
1406	391467
1410	651060
1414	696101
1417	684682
1421	833544
1425	925788
1429	742326
1433	331923
1437	110683
1441	333330
1445	319852
1449	172395
1453	32920
1457	120806
1460	281636
1464	366646
1468	289919
1472	87933
1476	108928
1480	161581
1484	56677
1488	106356
1492	188165
1496	130155
1500	31058
1503	115445
1507	88509
1511	37805
1515	141984
1519	124968
1523	74386
1527	261073
1531	382249
1535	353512
1539	210111
1542	70948
1546	71579
1550	54278
1554	3205
1558	39881
---
808	5339
812	9486
816	15393
820	11811
824	10868
828	19139
832	15706
835	7111
839	13167
843	14017
847	8016
851	5773
855	15735
859	16588
863	8270
867	14865
871	17009
875	7359
878	7614
882	13121
886	11500
890	5098
894	14222
898	19790
902	11781
906	11533
910	18667
914	12720
917	3245
921	13722
925	19228
929	13434
933	8471
937	20778
941	19075
945	5879
949	13764
953	16679
957	9091
960	4073
964	16698
968	18061
972	3803
976	18455
980	27327
984	18277
988	2428
992	10283
996	12601
1000	5099
1003	9507
1007	19040
1011	12766
1015	6365
1019	17851
1023	13753
1027	1624
1031	14608
1035	20201
1039	13771
1042	5688
1046	22247
1050	21817
1054	3538
1058	18515
1062	24532
1066	13915
1070	6258
1074	23344
1078	26311
1082	7129
1085	22374
1089	37059
1093	23019
1097	9530
1101	36540
1105	40399
1109	13498
1113	43547
1117	100287
1121	126094
1125	106233
1128	57036
1132	21761
1136	34491
1140	26206
1144	34830
1148	86531
1152	119563
1156	115313
1160	80583
1164	35192
1167	25594
1171	42554
1175	36793
1179	18133
1183	13308
1187	16355
1191	14226
1195	14383
1199	16229
1203	14222
1207	17209
1210	20384
1214	13355
1218	7325
1222	16466
1226	19002
1230	9286
1234	9669
1238	22402
1242	16054
1246	8200
1250	28091
1253	30074
1257	11610
1261	17511
1265	40210
1269	36761
1273	1450
1277	46349
1281	66821
1285	33465
1289	52810
1292	165362
1296	264296
1300	308797
1304	278125
1308	187293
1312	79319
1316	30225
1320	65857
1324	68250
1328	43376
1332	29192
1335	53604
1339	63553
1343	42872
1347	31760
1351	76842
1355	97026
1359	60093
1363	85535
1367	232655
1371	361003
1375	410178
1378	359602
1382	230557
1386	74950
1390	48916
1394	95170
1398	67967
1402	6497
1406	44833
1410	56468
1414	29059
1417	22050
1421	68788
1425	94185
1429	91332
1433	68248
1437	48907
1441	54132
1445	54972
1449	36980
1453	68179
1457	136151
1460	180572
1464	175773
1468	126548
1472	59233
1476	11968
1480	31594
1484	27558
1488	10860
1492	21059
1496	19635
1500	3163
1503	12471
1507	17123
1511	14296
1515	11628
1519	17656
1523	48030
1527	89081
1531	116908
1535	113970
1539	81686
1542	36692
1546	6567
1550	19499
1554	9756
1558	22212
---
808	19202
812	23211
816	20095
820	17598
824	22740
828	21385
832	16983
835	22032
839	22753
843	16686
847	19856
851	23218
855	17791
859	18076
863	23141
867	19045
871	16534
875	22797
878	20779
882	15759
886	21952
890	22556
894	15571
898	19051
902	22502
906	16812
910	17713
914	22549
917	17701
921	16348
925	22939
929	19628
933	14725
937	21986
941	21439
945	14050
949	19993
953	22669
957	14993
960	18518
964	24442
968	16970
972	14382
976	24482
980	21743
984	10005
988	14556
992	16547
996	12959
1000	19344
1003	20851
1007	14062
1011	18265
1015	22085
1019	14650
1023	16096
1027	22756
1031	16478
1035	13430
1039	22357
1042	18762
1046	11419
1050	21681
1054	21830
1058	10989
1062	19571
1066	23933
1070	12981
1074	17573
1078	25922
1082	16445
1085	13690
1089	25951
1093	20233
1097	10551
1101	26154
1105	25810
1109	10001
1113	30914
1117	54761
1121	71327
1125	79089
1128	64795
1132	22777
1136	28210
1140	53318
1144	28995
1148	45930
1152	124036
1156	167506
1160	153616
1164	97836
1167	47273
1171	39329
1175	26780
1179	4377
1183	22771
1187	21306
1191	5939
1195	16723
1199	19917
1203	12584
1207	15489
1210	19389
1214	16133
1218	14538
1222	16327
1226	17431
1230	17036
1234	15169
1238	18589
1242	22402
1246	18101
1250	16845
1253	23981
1257	20235
1261	13145
1265	26472
1269	28556
1273	14905
1277	27788
1281	40429
1285	25931
1289	25326
1292	68418
1296	94404
1300	92016
1304	70684
1308	46074
1312	25061
1316	13814
1320	17502
1324	20831
1328	25086
1332	23926
1335	17712
1339	31660
1343	39880
1347	23885
1351	37730
1355	69235
1359	58270
1363	55595
1367	165582
1371	271585
1375	310770
1378	261080
1382	147078
1386	24832
1390	54074
1394	65205
1398	27344
1402	19366
1406	40241
1410	26302
1414	5353
1417	27139
1421	23475
1425	466
1429	23405
1433	27313
1437	9625
1441	15310
1445	26852
1449	14296
1453	17961
1457	53094
1460	75023
1464	75841
1468	57812
1472	29712
1476	8370
1480	19078
1484	19562
1488	7802
1492	9760
1496	15204
1500	8274
1503	6664
1507	14191
1511	10004
1515	2220
1519	11447
1523	16437
1527	30620
1531	47741
1535	52769
1539	40867
1542	21171
1546	19752
1550	28759
1554	28005
1558	18331
---
808	16465
812	14707
816	16842
820	18310
824	17532
828	19025
832	21103
835	19069
839	17142
843	18204
847	17193
851	14959
855	16052
859	17995
863	17300
867	17679
871	20243
875	19126
878	16213
882	16944
886	16993
890	14878
894	15483
898	17979
902	17383
906	16378
910	19339
914	19527
917	15822
921	15846
925	17028
929	14599
933	13275
937	16426
941	17552
945	15815
949	18080
953	20147
957	16828
960	14738
964	16463
968	15244
972	12558
976	14108
980	16026
984	16178
988	20140
992	22893
996	18285
1000	14286
1003	18005
1007	18080
1011	13467
1015	14795
1019	19567
1023	17876
1027	15865
1031	20575
1035	19840
1039	14047
1042	16384
1046	19020
1050	14647
1054	12983
1058	19775
1062	20153
1066	14978
1070	19884
1074	22884
1078	15845
1082	14453
1085	20734
1089	18521
1093	12786
1097	20796
1101	25723
1105	18935
1109	20466
1113	32544
1117	36423
1121	36746
1125	37617
1128	28708
1132	4932
1136	26616
1140	41215
1144	21344
1148	31963
1152	93564
1156	133583
1160	135430
1164	102498
1167	52704
1171	16027
1175	20738
1179	13233
1183	8522
1187	16745
1191	10137
1195	3869
1199	12513
1203	11110
1207	4332
1210	9982
1214	13966
1218	10291
1222	10967
1226	15449
1230	12887
1234	10099
1238	12817
1242	12351
1246	9971
1250	11677
1253	13153
1257	11974
1261	14486
1265	17149
1269	14637
1273	14086
1277	17624
1281	16749
1285	13119
1289	18266
1292	27641
1296	30724
1300	23846
1304	12125
1308	15672
1312	21891
1316	16532
1320	7669
1324	18596
1328	24234
1332	16075
1335	14824
1339	31174
1343	30082
1347	14915
1351	38997
1355	53083
1359	31141
1363	56969
1367	144486
1371	216697
1375	236201
1378	191563
1382	104975
1386	18085
1390	34701
1394	43230
1398	20045
1402	11231
1406	26958
1410	18862
1414	3715
1417	18132
1421	15761
1425	4290
1429	11868
1433	13318
1437	6495
1441	7874
1445	13693
1449	8871
1453	6927
1457	21288
1460	26555
1464	23175
1468	18596
1472	14005
1476	6189
1480	4793
1484	11356
1488	9702
1492	3043
1496	10523
1500	11142
1503	2919
1507	8674
1511	12709
1515	8191
1519	2940
1523	13707
1527	20701
1531	21532
1535	18651
1539	13194
1542	4286
1546	4995
1550	9630
1554	8312
1558	3204
---
808	23136
812	22276
816	24257
820	27101
824	23628
828	19483
832	20111
835	19785
839	17499
843	19368
847	24924
851	25247
855	22768
859	24375
863	23198
867	17887
871	16876
875	19834
878	20351
882	20224
886	24979
890	26474
894	21589
898	21315
902	23276
906	19457
910	15545
914	19587
917	23892
921	22167
925	22409
929	26028
933	22846
937	18317
941	20491
945	20606
949	16694
953	18455
957	25900
960	26289
964	22650
968	25557
972	25234
976	19211
980	19090
984	22030
988	18351
992	14754
996	25835
1000	29747
1003	21343
1007	22869
1011	28623
1015	21980
1019	14568
1023	24597
1027	30105
1031	22168
1035	24226
1039	36196
1042	31133
1046	21025
1050	30420
1054	32717
1058	20641
1062	23233
1066	39519
1070	35966
1074	23484
1078	39924
1082	43100
1085	23449
1089	32583
1093	49544
1097	37428
1101	29807
1105	66041
1109	64867
1113	42414
1117	138518
1121	226201
1125	233491
1128	144283
1132	39586
1136	144483
1140	155837
1144	43377
1148	258855
1152	518156
1156	668943
1160	649059
1164	470524
1167	213429
1171	23260
1175	125669
1179	114577
1183	35867
1187	42432
1191	74871
1195	51462
1199	6390
1203	45695
1207	44819
1210	12471
1214	25501
1218	35307
1222	23709
1226	12219
1230	29054
1234	31781
1238	11815
1242	19234
1246	28914
1250	20248
1253	15922
1257	17892
1261	20636
1265	18349
1269	12722
1273	21156
1277	23119
1281	20529
1285	16533
1289	23533
1292	52993
1296	76781
1300	85196
1304	81394
1308	67543
1312	40298
1316	2088
1320	32039
1324	39217
1328	15740
1332	19844
1335	41559
1339	36742
1343	10258
1347	36005
1351	55698
1355	30707
1359	40701
1363	111953
1367	150043
1371	141536
1375	100768
1378	56380
1382	34481
1386	22591
1390	36464
1394	52651
1398	41129
1402	51716
1406	81157
1410	66002
1414	80889
1417	230584
1421	389176
1425	473220
1429	439194
1433	304668
1437	138713
1441	75809
1445	116483
1449	98177
1453	47467
1457	51892
1460	57616
1464	29066
1468	26495
1472	49299
1476	44493
1480	22479
1484	32962
1488	42730
1492	29081
1496	20968
1500	32283
1503	30226
1507	17707
1511	19090
1515	27478
1519	25321
1523	17375
1527	8339
1531	8317
1535	26395
1539	34678
1542	27296
1546	12748
1550	25857
1554	40006
1558	34525
---
808	12051
812	12482
816	16153
820	16081
824	15153
828	15874
832	13095
835	9501
839	11692
843	14199
847	13173
851	12922
855	17239
859	17509
863	13081
867	12734
871	12800
875	9084
878	8406
882	12010
886	13206
890	11826
894	13997
898	15594
902	12759
906	12566
910	13567
914	10279
917	7690
921	11148
925	13133
929	10762
933	12727
937	16543
941	13380
945	9977
949	12438
953	10765
957	5649
960	9076
964	14537
968	13115
972	10467
976	15491
980	14305
984	5704
988	8675
992	11989
996	8741
1000	4683
1003	9928
1007	11446
1011	6990
1015	11679
1019	14054
1023	7050
1027	7029
1031	12302
1035	10587
1039	4362
1042	8567
1046	12980
1050	7699
1054	8189
1058	14492
1062	9638
1066	3664
1070	11299
1074	11774
1078	5045
1082	6445
1085	15014
1089	11677
1093	2349
1097	13926
1101	12716
1105	8595
1109	14014
1113	14365
1117	22589
1121	35509
1125	40043
1128	28135
1132	11217
1136	32981
1140	32287
1144	12723
1148	78143
1152	141077
1156	170637
1160	152621
1164	93902
1167	25846
1171	37086
1175	47036
1179	26256
1183	14670
1187	28779
1191	26119
1195	12548
1199	19057
1203	24860
1207	17310
1210	14935
1214	20195
1218	16277
1222	9889
1226	14296
1230	17068
1234	13201
1238	11541
1242	16220
1246	16338
1250	13442
1253	13797
1257	13807
1261	11285
1265	9850
1269	11918
1273	14351
1277	13975
1281	11561
1285	13165
1289	16181
1292	14784
1296	14160
1300	19020
1304	22404
1308	21580
1312	17638
1316	13632
1320	14105
1324	17588
1328	18121
1332	13497
1335	12041
1339	17812
1343	18515
1347	9743
1351	12806
1355	30068
1359	34681
1363	23647
1367	24359
1371	39356
1375	41782
1378	31269
1382	17151
1386	13849
1390	15676
1394	7453
1398	8034
1402	14331
1406	7644
1410	5163
1414	12104
1417	8841
1421	8394
1425	18643
1429	23534
1433	17384
1437	6356
1441	13170
1445	14360
1449	6973
1453	7685
1457	10325
1460	6224
1464	3474
1468	10868
1472	12057
1476	8102
1480	11513
1484	13429
1488	8036
1492	6365
1496	10386
1500	9566
1503	6342
1507	9254
1511	11117
1515	7100
1519	8123
1523	11051
1527	7169
1531	7593
1535	13287
1539	13229
1542	6774
1546	7292
1550	14870
1554	14057
1558	7386
---