
808	35437
812	30447
816	32250
820	35776
824	31139
828	29390
832	34400
835	32719
839	28870
843	33301
847	34258
851	29425
855	32179
859	35397
863	30456
867	29979
871	34539
875	30854
878	27433
882	33563
886	33487
890	27700
894	32262
898	35690
902	29355
906	29779
910	35582
914	31055
917	27462
921	34593
925	33822
929	26961
933	32211
937	35530
941	28379
945	29900
949	36186
953	30345
957	26818
960	35064
964	33471
968	26811
972	33896
976	35864
980	26167
984	30887
988	39019
992	29149
996	25904
1000	46520
1003	54629
1007	47188
1011	39315
1015	35678
1019	32621
1023	36625
1027	38954
1031	33493
1035	35449
1039	40914
1042	35398
1046	33289
1050	41636
1054	39611
1058	33171
1062	39605
1066	40471
1070	34297
1074	40638
1078	41733
1082	34660
1085	45134
1089	43468
1093	18186
1097	49753
1101	80827
1105	157316
1109	324267
1113	484989
1117	509939
1121	313677
1125	94248
1128	567222
1132	938726
1136	1061465
1140	902683
1144	554466
1148	187398
1152	116731
1156	178182
1160	109160
1164	34232
1167	90333
1171	81898
1175	26295
1179	49526
1183	64454
1187	33132
1191	21890
1195	46876
1199	35922
1203	14411
1207	36015
1210	37092
1214	15633
1218	26285
1222	36184
1226	21152
1230	18016
1234	32960
1238	25382
1242	12899
1246	29990
1250	30264
1253	13718
1257	27544
1261	35895
1265	19576
1269	23336
1273	41822
1277	31443
1281	17279
1285	51025
1289	58143
1292	23793
1296	78371
1300	178727
1304	258597
1308	285202
1312	241612
1316	133214
1320	12087
1324	122874
1328	143956
1332	31462
1335	229132
1339	539664
1343	792819
1347	877594
1351	746173
1355	445462
1359	109046
1363	161848
1367	220373
1371	114842
1375	94849
1378	201147
1382	170304
1386	101585
1390	301505
1394	480405
1398	522796
1402	421775
1406	242858
1410	89345
1414	80816
1417	85395
1421	44840
1425	29200
1429	53745
1433	51279
1437	28492
1441	7474
1445	10400
1449	8160
1453	7551
1457	10872
1460	8170
1464	7916
1468	12113
1472	10949
1476	9461
1480	12610
1484	11859
1488	9815
1492	12435
1496	11679
1500	9707
1503	13978
1507	14263
1511	10114
1515	14527
1519	17206
1523	11532
1527	14223
1531	20227
1535	13869
1539	13196
1542	31318
1546	42226
1550	44127
1554	41741
1558	33480
---
808	7153
812	11429
816	9986
820	2955
824	2931
828	8159
832	10036
835	5946
839	11645
843	13853
847	7116
851	9468
855	10683
859	4762
863	1026
867	6707
871	10730
875	6924
878	8671
882	13757
886	8287
890	6882
894	10491
898	6245
902	1334
906	4901
910	10666
914	8613
917	5622
921	13490
925	10487
929	3468
933	9880
937	8236
941	3663
945	2793
949	10415
953	11493
957	3152
960	11563
964	12604
968	2306
972	8326
976	9620
980	6700
984	3690
988	8598
992	13164
996	5587
1000	12028
1003	20132
1007	14455
1011	8001
1015	11324
1019	10008
1023	3437
1027	8450
1031	16443
1035	11153
1039	7442
1042	17646
1046	12761
1050	2311
1054	13516
1058	15086
1062	7443
1066	8821
1070	21371
1074	15350
1078	8577
1082	27824
1085	19623
1089	13882
1093	43706
1097	34732
1101	36673
1105	168968
1109	320849
1113	415959
1117	383587
1121	208605
1125	90400
1128	352483
1132	536123
1136	569656
1140	452900
1144	250975
1148	64310
1152	71930
1156	90747
1160	48094
1164	16682
1167	49608
1171	41413
1175	6836
1179	28729
1183	31871
1187	10602
1191	13553
1195	24192
1199	18311
1203	3645
1207	18206
1210	20908
1214	4908
1218	15824
1222	20851
1226	6852
1230	13004
1234	19658
1238	11654
1242	7233
1246	19460
1250	20584
1253	3745
1257	20707
1261	30195
1265	12981
1269	18862
1273	36923
1277	26153
1281	7417
1285	39692
1289	47527
1292	17526
1296	47395
1300	101521
1304	112947
1308	77620
1312	39054
1316	38287
1320	27084
1324	64099
1328	104752
1332	90581
1335	147906
1339	349479
1343	542284
1347	622602
1351	548197
1355	351055
1359	122882
1363	90852
1367	142711
1371	95155
1375	36761
1378	79840
1382	78306
1386	34018
1390	46585
1394	72335
1398	57099
1402	31654
1406	47254
1410	46756
1414	23482
1417	29854
1421	40120
1425	28200
1429	14709
1433	26524
1437	26505
1441	18823
1445	30610
1449	34000
1453	20420
1457	19224
1460	28040
1464	22525
1468	12509
1472	22276
1476	26894
1480	17985
1484	18727
1488	26849
1492	20740
1496	12717
1500	20697
1503	21485
1507	12705
1511	14496
1515	23222
1519	19761
1523	12341
1527	21292
1531	22200
1535	11444
1539	14679
1542	24070
1546	24096
1550	15342
1554	10144
1558	15328
---
808	22718
812	15531
816	22022
820	23541
824	16301
828	19262
832	27217
835	22434
839	17224
843	25988
847	24717
851	14502
855	19250
859	24563
863	18068
867	14649
871	25300
875	24918
878	15347
882	21759
886	24867
890	15061
894	15380
898	23568
902	19795
906	11451
910	21882
914	25302
917	14907
921	18674
925	25787
929	17246
933	11373
937	22586
941	22631
945	11084
949	18077
953	26350
957	17106
960	13028
964	24499
968	19769
972	6768
976	18930
980	23317
984	12357
988	12317
992	24995
996	19167
1000	5172
1003	20820
1007	20610
1011	5843
1015	15393
1019	22365
1023	13299
1027	7487
1031	23055
1035	20165
1039	1341
1042	19876
1046	21467
1050	5216
1054	14492
1058	22203
1062	14391
1066	9290
1070	21897
1074	17923
1078	11641
1082	26310
1085	18458
1089	19980
1093	44871
1097	32151
1101	32136
1105	129198
1109	219635
1113	258523
1117	225029
1121	141023
1125	74922
1128	117322
1132	186230
1136	225559
1140	212553
1144	153210
1148	96819
1152	97086
1156	90637
1160	49691
1164	56328
1167	78652
1171	54240
1175	29576
1179	64735
1183	64681
1187	30931
1191	56212
1195	75284
1199	42104
1203	27710
1207	68944
1210	59066
1214	10995
1218	56623
1222	73346
1226	33718
1230	37846
1234	80099
1238	60098
1242	11875
1246	72566
1250	78170
1253	19864
1257	59912
1261	99007
1265	60776
1269	33160
1273	110545
1277	102687
1281	7781
1285	116252
1289	156264
1292	61690
1296	144062
1300	345586
1304	431656
1308	358402
1312	210740
1316	162663
1320	126302
1324	32870
1328	228485
1332	316235
1335	223191
1339	328199
1343	717614
1347	991014
1351	985270
1355	707236
1359	304804
1363	103201
1367	234184
1371	192666
1375	73321
1378	116230
1382	130462
1386	73699
1390	92799
1394	125126
1398	88756
1402	40175
1406	85634
1410	92087
1414	40179
1417	32600
1421	67622
1425	51508
1429	3472
1433	43020
1437	60668
1441	48585
1445	38000
1449	43735
1453	36660
1457	30280
1460	35810
1464	32839
1468	28733
1472	29762
1476	30020
1480	27883
1484	26444
1488	27766
1492	24601
1496	24788
1500	27063
1503	21040
1507	22145
1511	25474
1515	19085
1519	18747
1523	25986
1527	24917
1531	12956
1535	17464
1539	28412
1542	20921
1546	7347
1550	21921
1554	27916
1558	26298
---
808	13202
812	8466
816	12073
820	14113
824	9208
828	8850
832	13445
835	11384
839	6719
843	11963
847	13305
851	7650
855	9866
859	13489
863	9197
867	6988
871	12083
875	10800
878	5379
882	10792
886	13261
890	7771
894	8773
898	13403
902	9375
906	5409
910	11922
914	11725
917	5311
921	9663
925	13255
929	7868
933	6871
937	12862
941	9726
945	4186
949	11319
953	11632
957	4082
960	8325
964	12767
968	7469
972	6198
976	13470
980	10519
984	2834
988	11929
992	12884
996	4221
1000	7805
1003	13054
1007	7879
1011	6744
1015	14753
1019	11875
1023	3995
1027	13746
1031	14545
1035	4494
1039	10776
1042	16065
1046	8401
1050	8841
1054	19047
1058	14619
1062	6211
1066	20146
1070	20341
1074	6570
1078	19837
1082	26658
1085	12576
1089	21080
1093	39429
1097	28173
1101	25359
1105	78089
1109	109743
1113	98134
1117	51375
1121	16256
1125	43907
1128	72213
1132	122084
1136	168832
1140	176896
1144	139176
1148	82763
1152	53359
1156	48494
1160	33545
1164	29810
1167	35985
1171	24737
1175	15491
1179	28368
1183	24823
1187	4106
1191	18408
1195	24989
1199	12584
1203	12836
1207	24502
1210	17328
1214	3640
1218	21473
1222	22824
1226	7741
1230	14761
1234	25234
1238	17697
1242	8618
1246	25046
1250	26498
1253	11890
1257	19684
1261	31253
1265	23666
1269	15071
1273	34277
1277	37990
1281	20679
1285	34906
1289	52613
1292	37633
1296	48644
1300	106405
1304	136143
1308	122773
1312	112059
1316	127973
1320	98406
1324	26929
1328	153744
1332	230173
1335	164566
1339	65259
1343	358282
1347	598383
1351	664253
1355	524133
1359	250970
1363	27299
1367	174836
1371	166427
1375	50050
1378	75877
1382	121814
1386	73526
1390	21755
1394	84094
1398	77190
1402	15162
1406	53783
1410	74249
1414	37861
1417	25383
1421	63037
1425	51306
1429	3639
1433	41088
1437	48313
1441	18999
1445	33262
1449	52134
1453	33036
1457	15385
1460	45062
1464	41923
1468	10993
1472	32935
1476	44145
1480	22502
1484	19544
1488	41631
1492	32643
1496	8910
1500	34727
1503	38490
1507	14186
1511	24317
1515	39576
1519	25217
1523	12181
1527	35441
1531	32991
1535	8475
1539	28454
1542	37305
1546	16749
1550	17344
1554	38166
1558	30079
---
808	18900
812	19143
816	15262
820	13839
824	19224
828	21849
832	18891
835	20110
839	22496
843	18089
847	14060
851	16659
855	17977
859	15498
863	17225
867	22767
871	20989
875	16277
878	19019
882	19105
886	13873
890	13118
894	18739
898	20007
902	16725
906	20169
910	22778
914	17181
917	14234
921	17960
925	17616
929	13516
933	16468
937	22290
941	19643
945	16037
949	20619
953	19712
957	12676
960	13250
964	19206
968	18689
972	14590
976	20350
980	22994
984	15975
988	14627
992	19499
996	17197
1000	11187
1003	17241
1007	23993
1011	19572
1015	15544
1019	22448
1023	20780
1027	11493
1031	14876
1035	21530
1039	18441
1042	12623
1046	22893
1050	25970
1054	15174
1058	16791
1062	25564
1066	20723
1070	8774
1074	21161
1078	30477
1082	20412
1085	15270
1089	35082
1093	33823
1097	9443
1101	32345
1105	62129
1109	69350
1113	48299
1117	14875
1121	20293
1125	16619
1128	44271
1132	97759
1136	136207
1140	141684
1144	109904
1148	55225
1152	28821
1156	41811
1160	28844
1164	10585
1167	26760
1171	28908
1175	13737
1179	11434
1183	29401
1187	27073
1191	8161
1195	21208
1199	27611
1203	14487
1207	7980
1210	24504
1214	26324
1218	10868
1222	17352
1226	31259
1230	22740
1234	8280
1238	26528
1242	30192
1246	15163
1250	13839
1253	33635
1257	32176
1261	10910
1265	29116
1269	41288
1273	25763
1277	13517
1281	40298
1285	45566
1289	21323
1292	31977
1296	64768
1300	63609
1304	41576
1308	53426
1312	62495
1316	28068
1320	42633
1324	104728
1328	99463
1332	24153
1335	212056
1339	430430
1343	587573
1347	621473
1351	516422
1355	313489
1359	95213
1363	61583
1367	114160
1371	81383
1375	10996
1378	52210
1382	66359
1386	34024
1390	15897
1394	44039
1398	38705
1402	10497
1406	20395
1410	35038
1414	25035
1417	5331
1421	26113
1425	27810
1429	10427
1433	12637
1437	24322
1441	21109
1445	4955
1449	15326
1453	23142
1457	13428
1460	6296
1464	17528
1468	16303
1472	5730
1476	8509
1480	17204
1484	13930
1488	4372
1492	14370
1496	15624
1500	6388
1503	5941
1507	12607
1511	12013
1515	4718
1519	10145
1523	14878
1527	9352
1531	6057
1535	11402
1539	10080
1542	4625
1546	8857
1550	14575
1554	11977
1558	4298
---
808	91453
812	69300
816	55152
820	76068
824	84271
828	60209
832	24993
835	25127
839	27117
843	16777
847	36998
851	58857
855	55200
859	46870
863	75484
867	94133
871	80455
875	51220
878	35456
882	40593
886	58142
890	82741
894	92575
898	86985
902	107650
906	141442
910	146369
914	122654
917	99811
921	99495
925	97229
929	69466
933	29985
937	8292
941	24150
945	55238
949	73427
953	66661
957	50382
960	62723
964	77476
968	57672
972	23378
976	44460
980	45973
984	17757
988	33210
992	55277
996	48013
1000	26371
1003	48533
1007	62052
1011	40216
1015	15895
1019	37940
1023	41502
1027	25832
1031	6659
1035	27409
1039	53992
1042	67329
1046	58457
1050	67703
1054	109569
1058	130556
1062	117117
1066	97278
1070	102043
1074	99810
1078	54639
1082	19617
1085	75188
1089	93675
1093	135055
1097	212753
1101	266779
1105	273329
1109	265458
1113	293378
1117	321769
1121	289566
1125	215340
1128	195760
1132	236753
1136	251143
1140	213916
1144	142986
1148	75471
1152	52869
1156	55040
1160	48891
1164	48967
1167	54732
1171	52249
1175	43937
1179	40326
1183	38826
1187	20108
1191	18813
1195	49013
1199	55843
1203	64732
1207	92396
1210	106735
1214	95922
1218	75063
1222	70329
1226	65560
1230	32702
1234	15680
1238	42049
1242	36736
1246	40320
1250	61575
1253	60458
1257	30857
1261	6998
1265	20351
1269	25060
1273	79712
1277	119780
1281	122714
1285	126682
1289	162240
1292	182108
1296	152759
1300	104546
1304	100761
1308	81933
1312	14133
1316	99015
1320	154246
1324	182319
1328	277802
1332	399991
1335	433686
1339	359199
1343	384187
1347	595724
1351	747776
1355	722425
1359	545613
1363	345548
1367	266708
1371	237149
1375	150708
1378	100377
1382	145063
1386	151508
1390	124161
1394	111001
1398	99034
1402	53229
1406	21188
1410	68361
1414	97149
1417	136123
1421	175578
1425	187990
1429	173977
1433	153592
1437	139440
1441	116544
1445	74265
1449	34169
1453	20825
1457	8582
1460	9652
1464	15920
1468	9540
1472	17700
1476	31238
1480	33742
1484	44989
1488	64490
1492	64650
1496	47676
1500	41616
1503	44706
1507	39207
1511	37860
1515	57184
1519	69364
1523	59571
1527	48532
1531	49352
1535	37882
1539	11685
1542	14956
1546	30156
1550	32538
1554	36527
1558	48092
---
808	22380
812	10780
816	20227
820	27029
824	20496
828	19856
832	33237
835	28926
839	17327
843	26773
847	26913
851	14373
855	14942
859	28696
863	28099
867	16785
871	29982
875	34290
878	18640
882	19588
886	28929
890	23000
894	11213
898	26146
902	35209
906	23031
910	24111
914	37049
917	27061
921	12503
925	27077
929	31381
933	18548
937	20441
941	39288
945	33528
949	17731
953	35726
957	36996
960	16418
964	21405
968	38270
972	33128
976	15123
980	37881
984	45066
988	22631
992	29262
996	46069
1000	36719
1003	29979
1007	51154
1011	54742
1015	25572
1019	35885
1023	61349
1027	42624
1031	20044
1035	56228
1039	59311
1042	23358
1046	42221
1050	77407
1054	58000
1058	27661
1062	85639
1066	91142
1070	32631
1074	71785
1078	122530
1082	89748
1085	42753
1089	162785
1093	196216
1097	77078
1101	230246
1105	539098
1109	752670
1113	781817
1117	622093
1121	349824
1125	78705
1128	139335
1132	275565
1136	356992
1140	363744
1144	276965
1148	121395
1152	36011
1156	116190
1160	96369
1164	17788
1167	58287
1171	75137
1175	38564
1179	21087
1183	57703
1187	48672
1191	14659
1195	48149
1199	52481
1203	18523
1207	25158
1210	42785
1214	29029
1218	7420
1222	36358
1226	38580
1230	11963
1234	30714
1238	40346
1242	17441
1246	18429
1250	37290
1253	30332
1257	5736
1261	30603
1265	40150
1269	18352
1273	21675
1277	40201
1281	28995
1285	1880
1289	22393
1292	38853
1296	58391
1300	97930
1304	170147
1308	258294
1312	305425
1316	249048
1320	80722
1324	142928
1328	285650
1332	244266
1335	36398
1339	461363
1343	889048
1347	1121266
1351	1052635
1355	720672
1359	277347
1363	92342
1367	256272
1371	195534
1375	9758
1378	148380
1382	171302
1386	53761
1390	126903
1394	268378
1398	303122
1402	228455
1406	110223
1410	63517
1414	67274
1417	34632
1421	34045
1425	55659
1429	42736
1433	8519
1437	31593
1441	34148
1445	14700
1449	28849
1453	33527
1457	15604
1460	10779
1464	27390
1468	25640
1472	5965
1476	20639
1480	27713
1484	12411
1488	10151
1492	20933
1496	16819
1500	4443
1503	11350
1507	20050
1511	13496
1515	4949
1519	17556
1523	17680
1527	11207
1531	3961
1535	7488
1539	18778
1542	26633
1546	33496
1550	40353
1554	43928
1558	37366
---
808	9818
812	16551
816	16645
820	10426
824	15673
828	18629
832	11699
835	11181
839	17049
843	13822
847	8554
851	15946
855	17251
859	9673
863	14256
867	19413
871	12864
875	9837
878	17377
882	15236
886	7443
890	14908
894	18125
898	10217
902	12705
906	20010
910	14344
914	7899
917	17145
921	16710
925	7346
929	13775
933	19098
937	11436
941	9966
945	19975
949	16271
953	6866
957	17344
960	18820
964	7918
968	12483
972	20525
976	13999
980	8032
984	20875
988	19549
992	5595
996	17010
1000	22550
1003	14859
1007	17745
1011	26512
1015	19942
1019	7100
1023	23531
1027	25869
1031	9428
1035	18272
1039	28576
1042	17396
1046	9397
1050	28502
1054	27125
1058	5880
1062	27038
1066	37453
1070	18662
1074	19054
1078	43208
1082	35440
1085	6008
1089	47119
1093	62304
1097	28566
1101	51280
1105	135835
1109	189756
1113	194403
1117	155928
1121	87195
1125	33157
1128	131479
1132	231943
1136	286783
1140	270610
1144	189188
1148	80639
1152	19849
1156	53382
1160	44562
1164	15694
1167	25126
1171	30666
1175	16225
1179	15705
1183	23779
1187	15228
1191	8973
1195	17766
1199	14925
1203	9698
1207	17223
1210	17671
1214	7645
1218	14661
1222	21517
1226	11634
1230	10587
1234	24547
1238	19705
1242	2991
1246	23655
1250	28804
1253	11680
1257	17203
1261	35482
1265	26039
1269	7808
1273	40181
1277	43073
1281	10086
1285	39363
1289	63072
1292	37138
1296	39034
1300	112299
1304	141762
1308	109583
1312	67404
1316	76317
1320	46535
1324	50567
1328	142883
1332	142987
1335	8931
1339	287217
1343	584673
1347	762006
1351	729802
1355	501871
1359	187623
1363	74592
1367	181945
1371	134278
1375	14901
1378	94118
1382	106067
1386	40137
1390	44520
1394	80433
1398	51452
1402	21065
1406	65810
1410	62696
1414	18162
1417	41601
1421	58762
1425	32741
1429	21099
1433	46239
1437	35450
1441	4296
1445	37902
1449	42668
1453	15782
1457	24604
1460	41265
1464	25911
1468	11724
1472	35173
1476	32346
1480	7888
1484	25933
1488	34977
1492	17779
1496	16037
1500	33395
1503	25359
1507	6772
1511	27341
1515	29601
1519	10208
1523	18445
1527	31508
1531	21371
1535	7860
1539	29005
1542	31573
1546	14705
1550	9773
1554	18132
1558	11354
---
808	9406
812	13884
816	13053
820	10228
824	15388
828	16436
832	10697
835	11857
839	14262
843	10546
847	7033
851	12006
855	14599
859	10542
863	12300
867	16391
871	11891
875	7674
878	11773
882	11770
886	7108
890	9182
894	15263
898	12990
902	9295
906	14799
910	13693
914	6235
917	8037
921	12304
925	10356
929	5958
933	13522
937	15217
941	7737
945	10474
949	13987
953	8647
957	2874
960	10634
964	13464
968	6977
972	9197
976	16103
980	10942
984	4219
988	11486
992	10893
996	3487
1000	7585
1003	16081
1007	14204
1011	5503
1015	13364
1019	14258
1023	4711
1027	6602
1031	12620
1035	11349
1039	1660
1042	11532
1046	16065
1050	6854
1054	7817
1058	15135
1062	11837
1066	4937
1070	9890
1074	17564
1078	13976
1082	3841
1085	17859
1089	20813
1093	12562
1097	10566
1101	28787
1105	45073
1109	45081
1113	29527
1117	17615
1121	19765
1125	32000
1128	69899
1132	122741
1136	161708
1140	160838
1144	117235
1148	52338
1152	10992
1156	39599
1160	37983
1164	16298
1167	21767
1171	29035
1175	18338
1179	12773
1183	20278
1187	18204
1191	10744
1195	14772
1199	18035
1203	14484
1207	15748
1210	17115
1214	12457
1218	12285
1222	15023
1226	12197
1230	10752
1234	16807
1238	16536
1242	11444
1246	17310
1250	18634
1253	10232
1257	13473
1261	19857
1265	14426
1269	9372
1273	22886
1277	23506
1281	9350
1285	24483
1289	33083
1292	16876
1296	21023
1300	49295
1304	54102
1308	32249
1312	28579
1316	45269
1320	27203
1324	35161
1328	79288
1332	73327
1335	38241
1339	166246
1343	312922
1347	396719
1351	373208
1355	252385
1359	93521
1363	43819
1367	94541
1371	71717
1375	15209
1378	49592
1382	58408
1386	25980
1390	22889
1394	43741
1398	32662
1402	8285
1406	29565
1410	34896
1414	16190
1417	18611
1421	32258
1425	22063
1429	8449
1433	25530
1437	27147
1441	12554
1445	13815
1449	25420
1453	19467
1457	8824
1460	21381
1464	21648
1468	8550
1472	13109
1476	20779
1480	15294
1484	6806
1488	18276
1492	19875
1496	9250
1500	13667
1503	19398
1507	12392
1511	5852
1515	15548
1519	16764
1523	7848
1527	12410
1531	19417
1535	13263
1539	8178
1542	17297
1546	17160
1550	7294
1554	5903
1558	14316
---