
808	5976
812	11655
816	8443
820	3215
824	11841
828	10589
832	1308
835	8925
839	11338
843	6730
847	2510
851	10801
855	11251
859	2039
863	8970
867	11526
871	4713
875	5990
878	10303
882	9432
886	5472
890	9481
894	12568
898	5833
902	7164
906	12839
910	9448
914	7520
917	10012
921	11133
925	9262
929	8200
933	13647
937	12046
941	7626
945	12551
949	13572
953	12632
957	11364
960	13783
964	17273
968	12617
972	13316
976	19534
980	16629
984	13367
988	22610
992	28201
996	16524
1000	19837
1003	48156
1007	50043
1011	15211
1015	48476
1019	112202
1023	172779
1027	241622
1031	303162
1035	299851
1039	180587
1042	74446
1046	355739
1050	595588
1054	693021
1058	611252
1062	392139
1066	135500
1070	55476
1074	125994
1078	89571
1082	5951
1085	59443
1089	68129
1093	27488
1097	23455
1101	46259
1105	30597
1109	4355
1113	30149
1117	30843
1121	9886
1125	16287
1128	27181
1132	16679
1136	7500
1140	21847
1144	19832
1148	6286
1152	12121
1156	17141
1160	11054
1164	7880
1167	17358
1171	18061
1175	8294
1179	14931
1183	25583
1187	21412
1191	10057
1195	26089
1199	35686
1203	23335
1207	17477
1210	48277
1214	55194
1218	25186
1222	55720
1226	129568
1230	188072
1234	225832
1238	259218
1242	310140
1246	385920
1250	467956
1253	513825
1257	480543
1261	357961
1265	182794
1269	21201
1273	73863
1277	78454
1281	23759
1285	35160
1289	40691
1292	28039
1296	110447
1300	169203
1304	163903
1308	98562
1312	25854
1316	64524
1320	77520
1324	61911
1328	70307
1332	82012
1335	65532
1339	36705
1343	34519
1347	36101
1351	20776
1355	24745
1359	35075
1363	24050
1367	15048
1371	27787
1375	25744
1378	14218
1382	20457
1386	26533
1390	18778
1394	14479
1398	24837
1402	22439
1406	12443
1410	19442
1414	23458
1417	18493
1421	14595
1425	19729
1429	22578
1433	17894
1437	16644
1441	20938
1445	21805
1449	18759
1453	15421
1457	22476
1460	25740
1464	17432
1468	20878
1472	30422
1476	24435
1480	16040
1484	34478
1488	41146
1492	20197
1496	29917
1500	59128
1503	46748
1507	13462
1511	76965
1515	97716
1519	36291
1523	102055
1527	252322
1531	329731
1535	291778
1539	278690
1542	484110
1546	704208
1550	772276
1554	641995
1558	370423
---
808	22366
812	15567
816	22338
820	23876
824	13855
828	14224
832	20098
835	16899
839	10384
843	20621
847	25756
851	16812
855	19028
859	26274
863	17962
867	9570
871	19856
875	22266
878	13421
882	16750
886	28143
890	22618
894	15035
898	26178
902	24153
906	10209
910	17278
914	26106
917	19755
921	12691
925	29003
929	29248
933	13591
937	25117
941	31175
945	16662
949	13103
953	30742
957	30037
960	12544
964	30712
968	41173
972	22016
976	22615
980	43121
984	34478
988	7422
992	37000
996	49841
1000	26741
1003	33806
1007	64409
1011	45532
1015	27822
1019	96279
1023	125172
1027	93402
1031	50540
1035	95175
1039	88027
1042	34177
1046	236143
1050	431263
1054	527658
1058	483880
1062	322391
1066	114968
1070	50426
1074	113713
1078	79155
1082	4715
1085	52142
1089	58249
1093	24678
1097	21015
1101	45307
1105	33012
1109	3879
1113	31574
1117	30559
1121	8846
1125	16872
1128	24271
1132	17225
1136	6417
1140	19362
1144	20670
1148	6210
1152	15107
1156	18291
1160	8320
1164	11111
1167	13761
1171	11894
1175	9555
1179	10149
1183	12890
1187	8688
1191	12686
1195	14275
1199	5239
1203	16236
1207	18764
1210	5821
1214	15767
1218	25411
1222	18095
1226	7348
1230	41255
1234	59178
1238	35596
1242	38469
1246	130616
1250	206542
1253	234372
1257	202687
1261	122807
1265	29060
1269	43369
1273	58564
1277	28879
1281	13247
1285	35800
1289	26773
1292	20410
1296	59332
1300	82199
1304	71097
1308	36331
1312	21647
1316	30719
1320	21819
1324	6672
1328	16505
1332	20799
1335	20750
1339	26891
1343	27003
1347	16628
1351	17063
1355	22785
1359	17124
1363	9534
1367	17522
1371	20693
1375	13279
1378	14697
1382	21788
1386	16407
1390	10453
1394	17673
1398	17115
1402	8679
1406	11900
1410	19068
1414	15260
1417	10331
1421	19062
1425	18292
1429	8846
1433	13890
1437	17637
1441	11360
1445	8054
1449	17761
1453	18085
1457	9196
1460	16605
1464	20853
1468	11500
1472	10497
1476	19008
1480	16130
1484	6249
1488	17415
1492	23404
1496	13309
1500	14814
1503	26506
1507	19652
1511	7726
1515	24825
1519	28308
1523	10575
1527	23713
1531	46054
1535	33482
1539	22138
1542	96572
1546	157726
1550	179399
1554	154868
1558	95975
---
808	15194
812	13331
816	17978
820	18827
824	15181
828	19016
832	23232
835	18342
839	15562
843	19788
847	18009
851	12459
855	15236
859	20058
863	17360
867	16523
871	22906
875	20919
878	13395
882	16606
886	19317
890	14680
894	13068
898	20557
902	20913
906	15011
910	20295
914	22739
917	14692
921	13985
925	20838
929	18868
933	11209
937	19676
941	25719
945	17487
949	16561
953	25386
957	20330
960	10514
964	20638
968	25347
972	15662
976	17321
980	30534
984	23912
988	14298
992	33948
996	36621
1000	16386
1003	21401
1007	43106
1011	36807
1015	17001
1019	54165
1023	70328
1027	40855
1031	16830
1035	61787
1039	55882
1042	20869
1046	140931
1050	261152
1054	320376
1058	289124
1062	186552
1066	63530
1070	29884
1074	65795
1078	45910
1082	1386
1085	34750
1089	34441
1093	9017
1097	17202
1101	25261
1105	15658
1109	4542
1113	18799
1117	18778
1121	3238
1125	13840
1128	17219
1132	5810
1136	8539
1140	14150
1144	10230
1148	1491
1152	10544
1156	14126
1160	6029
1164	7541
1167	13903
1171	8273
1175	2695
1179	9464
1183	9330
1187	4260
1191	4845
1195	11009
1199	8479
1203	1762
1207	10136
1210	8981
1214	2351
1218	7875
1222	8486
1226	6534
1230	8997
1234	12777
1238	9048
1242	14741
1246	47023
1250	77245
1253	89245
1257	77740
1261	48847
1265	15286
1269	18474
1273	28393
1277	18652
1281	7198
1285	18431
1289	16641
1292	4440
1296	15143
1300	25404
1304	25624
1308	17999
1312	15588
1316	18172
1320	14473
1324	10990
1328	12573
1332	10619
1335	7072
1339	10983
1343	14242
1347	11598
1351	10931
1355	14709
1359	12838
1363	8447
1367	10707
1371	12040
1375	9067
1378	8221
1382	12527
1386	12522
1390	9152
1394	11559
1398	12719
1402	8915
1406	7677
1410	10389
1414	10154
1417	7885
1421	10676
1425	12943
1429	10062
1433	9210
1437	11501
1441	9600
1445	6139
1449	8348
1453	10824
1457	9553
1460	9344
1464	12225
1468	11266
1472	8441
1476	10017
1480	10528
1484	7726
1488	7043
1492	10699
1496	11471
1500	9179
1503	10734
1507	12347
1511	9620
1515	7832
1519	10420
1523	11545
1527	9551
1531	9910
1535	16574
1539	22043
1542	22388
1546	18698
1550	15210
1554	13145
1558	9913
---
808	39799
812	43775
816	28146
820	34841
824	48341
828	37431
832	32660
835	50572
839	45975
843	29527
847	45642
851	51527
855	33031
859	38114
863	54947
867	43080
871	31389
875	51793
878	48777
882	27499
886	45088
890	52982
894	32744
898	40196
902	58891
906	45042
910	36795
914	63231
917	59680
921	34942
925	57395
929	67979
933	40639
937	43746
941	69557
945	53870
949	34497
953	67802
957	64884
960	25034
964	60709
968	77737
972	38168
976	51244
980	93405
984	69241
988	37444
992	107790
996	110414
1000	17748
1003	140007
1007	240344
1011	209826
1015	151233
1019	414400
1023	726009
1027	904608
1031	863687
1035	608485
1039	230567
1042	200705
1046	498886
1050	667813
1054	693037
1058	585150
1062	377850
1066	165878
1070	156375
1074	187647
1078	113493
1082	79384
1085	145511
1089	121832
1093	61003
1097	122789
1101	132612
1105	64318
1109	93884
1113	135699
1117	88252
1121	74777
1125	138173
1128	116465
1132	68103
1136	139867
1140	149539
1144	83210
1148	133803
1152	181510
1156	123700
1160	115934
1164	197606
1167	172100
1171	114595
1175	210740
1179	227147
1183	133112
1187	216043
1191	300464
1195	211624
1199	203897
1203	367710
1207	337075
1210	239844
1214	503319
1218	614300
1222	405658
1226	803873
1230	1624179
1234	2124783
1238	2011276
1242	1346412
1246	492890
1250	317998
1253	614359
1257	736650
1261	853862
1265	849483
1269	608393
1273	289318
1277	306775
1281	358502
1285	238761
1289	188335
1292	282566
1296	301101
1300	256334
1304	165853
1308	40801
1312	155174
1316	166516
1320	69501
1324	448825
1328	817656
1332	957864
1335	782924
1339	389574
1343	77247
1347	252126
1351	223270
1355	55774
1359	136839
1363	169976
1367	71013
1371	74807
1375	136781
1378	86610
1382	37501
1386	114082
1390	103910
1394	25760
1398	80441
1402	104981
1406	50998
1410	46357
1414	92488
1417	65797
1421	17256
1425	78414
1429	82012
1433	24737
1437	48978
1441	80786
1445	48214
1449	22711
1453	74886
1457	68463
1460	9683
1464	59690
1468	84693
1472	47688
1476	27274
1480	88242
1484	91049
1488	29906
1492	62058
1496	119566
1500	101119
1503	6083
1507	146711
1511	279286
1515	342188
1519	316530
1523	231059
1527	137485
1531	119397
1535	279220
1539	517874
1542	731952
1546	827256
1550	758317
1554	554176
1558	301640
---
808	19015
812	18677
816	13810
820	16265
824	21045
828	18097
832	16421
835	21878
839	20285
843	14449
847	17469
851	19014
855	13841
859	14713
863	21410
867	19688
871	15355
875	21032
878	20982
882	13824
886	17725
890	21804
894	16118
898	13558
902	21904
906	21401
910	14807
914	22139
917	24659
921	15338
925	17685
929	24471
933	18135
937	13275
941	25606
945	26076
949	14389
953	25158
957	31701
960	18481
964	21319
968	34329
972	24963
976	15231
980	39261
984	41146
988	16291
992	39932
996	53689
1000	17253
1003	55363
1007	110229
1011	101421
1015	74128
1019	203180
1023	343626
1027	398273
1031	342135
1035	219075
1039	94731
1042	54821
1046	201328
1050	361434
1054	455454
1058	426801
1062	280185
1066	91146
1070	82816
1074	122096
1078	71681
1082	34952
1085	79915
1089	70009
1093	28771
1097	55985
1101	64918
1105	32081
1109	38733
1113	59277
1117	39959
1121	24342
1125	51313
1128	48029
1132	21514
1136	43535
1140	54670
1144	30338
1148	32152
1152	54151
1156	40692
1160	22000
1164	49835
1167	52209
1171	24617
1175	42579
1179	61318
1183	39012
1187	34669
1191	67125
1195	57643
1199	27106
1203	66838
1207	80013
1210	40707
1214	66622
1218	114206
1222	83649
1226	74697
1230	208790
1234	281793
1238	220357
1242	61283
1246	241317
1250	431339
1253	483874
1257	391426
1261	233830
1265	146993
1269	145651
1273	105095
1277	42726
1281	69227
1285	74118
1289	27868
1292	54149
1296	97452
1300	96574
1304	64682
1308	42255
1312	42865
1316	31530
1320	57190
1324	120088
1328	172738
1332	189444
1335	157952
1339	87691
1343	14492
1347	44476
1351	51092
1355	23465
1359	16384
1363	36491
1367	28307
1371	5677
1375	26847
1378	29447
1382	10730
1386	16390
1390	26595
1394	17369
1398	6812
1402	22428
1406	22318
1410	7625
1414	19327
1417	25774
1421	13626
1425	12026
1429	23801
1433	19022
1437	6601
1441	20921
1445	25410
1449	13245
1453	17563
1457	28893
1460	20578
1464	11236
1468	27376
1472	27869
1476	12181
1480	22940
1484	35056
1488	24361
1492	18536
1496	40471
1500	39503
1503	18478
1507	39899
1511	56209
1515	37955
1519	32661
1523	72848
1527	74394
1531	36988
1535	127963
1539	247896
1542	319901
1546	315931
1550	249434
1554	167245
1558	118887
---
808	24957
812	21088
816	28091
820	28295
824	19589
828	21403
832	27173
835	22956
839	17979
843	26260
847	28821
851	21227
855	23686
859	29391
863	23279
867	18488
871	25856
875	26463
878	19211
882	23669
886	30248
890	23971
894	21481
898	30436
902	27781
906	17683
910	24473
914	30602
917	22741
921	20480
925	32608
929	29984
933	18646
937	29801
941	34361
945	20859
949	21403
953	36981
957	33310
960	18371
964	35687
968	43602
972	25246
976	28243
980	47695
984	37679
988	17544
992	49923
996	62043
1000	34729
1003	40379
1007	74136
1011	47336
1015	49973
1019	180423
1023	283706
1027	310924
1031	251169
1035	139230
1039	40645
1042	45310
1046	95866
1050	170651
1054	226194
1058	221172
1062	151560
1066	51015
1070	32597
1074	59487
1078	35237
1082	15044
1085	37094
1089	31270
1093	11580
1097	25098
1101	30044
1105	13460
1109	17904
1113	29941
1117	17640
1121	9912
1125	26531
1128	21947
1132	3347
1136	19920
1140	26276
1144	13064
1148	11440
1152	28091
1156	22112
1160	3629
1164	25486
1167	28095
1171	9618
1175	17420
1179	31712
1183	23268
1187	7204
1191	31549
1195	34270
1199	11181
1203	27188
1207	42388
1210	26377
1214	15165
1218	47876
1222	50249
1226	16576
1230	46627
1234	73222
1238	36645
1242	74760
1246	208114
1250	313879
1253	344800
1257	287526
1261	169566
1265	47565
1269	44867
1273	63518
1277	38071
1281	3820
1285	29308
1289	34485
1292	24558
1296	18997
1300	24308
1304	29590
1308	30076
1312	22118
1316	9110
1320	16025
1324	32311
1328	45758
1332	51171
1335	42932
1339	21821
1343	5012
1347	17197
1351	15477
1355	4008
1359	9738
1363	14246
1367	8076
1371	6203
1375	14000
1378	10367
1382	4480
1386	13067
1390	12043
1394	1915
1398	9739
1402	15217
1406	9874
1410	4010
1414	15952
1417	15328
1421	2153
1425	12449
1429	16906
1433	9106
1437	6266
1441	17106
1445	16761
1449	3141
1453	14283
1457	20581
1460	9901
1464	9028
1468	21296
1472	18242
1476	3178
1480	19543
1484	28099
1488	15190
1492	12950
1496	33825
1500	29909
1503	4194
1507	33658
1511	48948
1515	28789
1519	24564
1523	74320
1527	78625
1531	11182
1535	125668
1539	276392
1542	383680
1546	400503
1550	317296
1554	170346
1558	24796
---
808	15396
812	12990
816	10898
820	15202
824	15127
828	10670
832	14132
835	16656
839	11411
843	10448
847	14526
851	11781
855	9245
859	13798
863	13517
867	9059
871	13115
875	15636
878	10027
882	10367
886	15475
890	12239
894	8754
898	13491
902	12740
906	7267
910	11662
914	14171
917	8102
921	10018
925	15369
929	10064
933	5395
937	13520
941	12356
945	2589
949	10002
953	14499
957	7691
960	5765
964	14592
968	11207
972	1618
976	12622
980	13792
984	5391
988	11310
992	21062
996	18255
1000	7887
1003	27867
1007	42135
1011	33826
1015	19077
1019	65634
1023	112481
1027	126494
1031	98518
1035	48564
1039	15111
1042	23584
1046	84900
1050	168812
1054	228958
1058	227834
1062	160504
1066	62125
1070	40592
1074	68749
1078	48505
1082	20376
1085	42668
1089	43359
1093	22252
1097	29801
1101	39475
1105	26950
1109	20996
1113	32505
1117	28303
1121	17907
1125	26843
1128	29645
1132	19492
1136	21294
1140	29360
1144	23663
1148	18041
1152	26817
1156	26283
1160	16723
1164	22068
1167	27963
1171	20478
1175	17274
1179	28086
1183	27072
1187	16862
1191	24408
1195	29618
1199	19256
1203	20279
1207	32758
1210	27015
1214	12363
1218	30983
1222	35935
1226	11006
1230	30950
1234	60881
1238	64643
1242	90580
1246	164262
1250	228269
1253	241026
1257	193438
1261	108359
1265	26184
1269	24993
1273	31348
1277	13833
1281	10186
1285	14961
1289	10488
1292	12788
1296	14719
1300	7055
1304	5388
1308	11502
1312	6644
1316	5073
1320	14468
1324	16465
1328	13046
1332	9406
1335	8410
1339	9046
1343	8382
1347	4266
1351	3946
1355	9485
1359	9266
1363	5020
1367	8283
1371	10078
1375	6798
1378	7308
1382	9941
1386	7767
1390	5464
1394	9118
1398	9316
1402	5984
1406	8178
1410	10145
1414	8200
1417	7855
1421	8860
1425	7577
1429	7515
1433	8756
1437	7447
1441	7419
1445	9839
1449	8662
1453	7177
1457	9952
1460	9274
1464	6116
1468	9469
1472	11050
1476	7406
1480	9910
1484	14502
1488	11001
1492	8451
1496	15703
1500	14629
1503	7563
1507	17382
1511	22394
1515	11943
1519	16343
1523	35379
1527	31663
1531	14906
1535	71319
1539	131766
1542	164760
1546	154039
1550	102945
1554	34182
1558	23357
---
808	15262
812	17055
816	14763
820	14040
824	16666
828	15447
832	12909
835	15549
839	16319
843	13511
847	14957
851	16808
855	13869
859	13384
863	16354
867	14519
871	11957
875	15671
878	16283
882	12287
886	13523
890	15560
894	12112
898	12249
902	16058
906	13957
910	11321
914	15401
917	15306
921	10577
925	13878
929	16917
933	12536
937	11649
941	15963
945	13411
949	9961
953	14763
957	14470
960	9078
964	13885
968	17006
972	10547
976	10525
980	17881
984	14659
988	5550
992	13296
996	15336
1000	6649
1003	8662
1007	13819
1011	7842
1015	18130
1019	35309
1023	40194
1027	29510
1031	13268
1035	15983
1039	14770
1042	10598
1046	56423
1050	108533
1054	144237
1058	145279
1062	108327
1066	49644
1070	21387
1074	43553
1078	37148
1082	15504
1085	25303
1089	30608
1093	18059
1097	16696
1101	26487
1105	21557
1109	13308
1113	21879
1117	22957
1121	14371
1125	17394
1128	22215
1132	16632
1136	14928
1140	21369
1144	19150
1148	13727
1152	19608
1156	21136
1160	14184
1164	16405
1167	21855
1171	17137
1175	13780
1179	21179
1183	20798
1187	14264
1191	19565
1195	23063
1199	15936
1203	17642
1207	25780
1210	20800
1214	16143
1218	28780
1222	28942
1226	16051
1230	32575
1234	45504
1238	27981
1242	39595
1246	102720
1250	147640
1253	150255
1257	111158
1261	52445
1265	9856
1269	24172
1273	19761
1277	4229
1281	9771
1285	9659
1289	4782
1292	7932
1296	6312
1300	3386
1304	7893
1308	6705
1312	2075
1316	7244
1320	7659
1324	2687
1328	6653
1332	8989
1335	5613
1339	6544
1343	9357
1347	6238
1351	4869
1355	9325
1359	8134
1363	4356
1367	8493
1371	9266
1375	4822
1378	7065
1382	9696
1386	6225
1390	5733
1394	9677
1398	7951
1402	4876
1406	8787
1410	8920
1414	4941
1417	7736
1421	9597
1425	6116
1429	7216
1433	10377
1437	7479
1441	5190
1445	9439
1449	8386
1453	5002
1457	9745
1460	10376
1464	4621
1468	8246
1472	11865
1476	6905
1480	6330
1484	13269
1488	11077
1492	3312
1496	12562
1500	14963
1503	5627
1507	10857
1511	19647
1515	13451
1519	6794
1523	25957
1527	29028
1531	5618
1535	41397
1539	94929
1542	132758
1546	137999
1550	108142
1554	56527
1558	8002
---
808	18515
812	17400
816	17898
820	17215
824	15009
828	14396
832	17813
835	20864
839	22438
843	21856
847	16763
851	11267
855	12985
859	16868
863	18558
867	18559
871	19151
875	18260
878	17628
882	21603
886	22779
890	17933
894	12486
898	12940
902	16179
906	17984
910	20653
914	22071
917	18268
921	15211
925	16554
929	15449
933	12860
937	14450
941	17739
945	16433
949	16280
953	21853
957	21114
960	14083
964	13290
968	15102
972	12594
976	12653
980	20655
984	22783
988	14317
992	15695
996	21963
1000	15105
1003	8653
1007	18638
1011	21009
1015	10817
1019	15862
1023	38955
1027	50279
1031	48090
1035	40926
1039	28258
1042	15120
1046	45922
1050	84663
1054	105750
1058	94340
1062	55727
1066	17631
1070	17475
1074	14533
1078	3035
1082	10521
1085	15420
1089	8924
1093	7640
1097	20079
1101	18271
1105	9706
1109	14600
1113	13890
1117	6617
1121	11365
1125	18068
1128	16083
1132	7405
1136	15680
1140	20247
1144	14751
1148	13884
1152	15376
1156	9930
1160	7442
1164	16104
1167	19588
1171	14058
1175	15011
1179	20514
1183	15309
1187	11324
1191	17703
1195	17048
1199	10172
1203	14250
1207	21541
1210	16862
1214	14948
1218	26545
1222	23815
1226	10521
1230	24395
1234	33230
1238	21767
1242	32269
1246	81710
1250	118375
1253	119440
1257	86695
1261	40895
1265	5724
1269	19007
1273	18135
1277	2818
1281	11732
1285	12023
1289	1109
1292	11195
1296	11169
1300	3191
1304	4613
1308	7856
1312	7163
1316	5423
1320	10544
1324	10570
1328	4732
1332	9377
1335	10695
1339	5743
1343	4861
1347	7521
1351	7105
1355	5696
1359	11180
1363	13154
1367	7992
1371	8032
1375	10953
1378	8247
1382	6336
1386	9091
1390	9992
1394	6965
1398	9660
1402	13624
1406	10302
1410	7779
1414	10510
1417	8039
1421	3966
1425	8929
1429	12949
1433	10355
1437	8448
1441	14633
1445	13628
1449	8006
1453	12087
1457	13850
1460	9169
1464	6733
1468	13411
1472	13783
1476	7866
1480	15283
1484	18891
1488	11088
1492	9029
1496	16225
1500	14858
1503	7177
1507	17685
1511	25050
1515	14441
1519	14578
1523	33083
1527	30180
1531	4061
1535	43294
1539	89259
1542	116419
1546	110166
1550	75157
1554	33680
1558	11324
---
808	13961
812	14344
816	14511
820	14662
824	16011
828	16435
832	16725
835	18405
839	17462
843	13485
847	11804
851	13286
855	13834
859	14240
863	17458
867	19077
871	16547
875	14797
878	14449
882	12108
886	11377
890	14013
894	15357
898	13728
902	13099
906	13672
910	11799
914	12890
917	15464
921	13303
925	9962
929	11410
933	12987
937	11628
941	13840
945	18241
949	16225
953	12428
957	15031
960	14256
964	8389
968	7855
972	12092
976	11027
980	8744
984	14685
988	14765
992	8079
996	11825
1000	12695
1003	3868
1007	7967
1011	15177
1015	12674
1019	1830
1023	18119
1027	24390
1031	16437
1035	21069
1039	27107
1042	8876
1046	32071
1050	79631
1054	112636
1058	112748
1062	76350
1066	22505
1070	23781
1074	35860
1078	21264
1082	7650
1085	21418
1089	20890
1093	10066
1097	18713
1101	23800
1105	14585
1109	13912
1113	20862
1117	15972
1121	8869
1125	16192
1128	19351
1132	14540
1136	15534
1140	20746
1144	16836
1148	13356
1152	19034
1156	18054
1160	10712
1164	11893
1167	16604
1171	13929
1175	11787
1179	17947
1183	17161
1187	11127
1191	15334
1195	17141
1199	11154
1203	10642
1207	16172
1210	13646
1214	10371
1218	21536
1222	23371
1226	11368
1230	19633
1234	30535
1238	22439
1242	23964
1246	62063
1250	94888
1253	101941
1257	78339
1261	37612
1265	2015
1269	14832
1273	12710
1277	2833
1281	10754
1285	13647
1289	6881
1292	5968
1296	11640
1300	10077
1304	9343
1308	10971
1312	8375
1316	5023
1320	7931
1324	10124
1328	8828
1332	9135
1335	11823
1339	11812
1343	11907
1347	13199
1351	11409
1355	6996
1359	5848
1363	8671
1367	10478
1371	12547
1375	14410
1378	12033
1382	6757
1386	7434
1390	9058
1394	7426
1398	6814
1402	9170
1406	10155
1410	9414
1414	10468
1417	10521
1421	7997
1425	10276
1429	14289
1433	14839
1437	13284
1441	11781
1445	8902
1449	4400
1453	10493
1457	16447
1460	15614
1464	10453
1468	6623
1472	3986
1476	3647
1480	8950
1484	12108
1488	10306
1492	11215
1496	17177
1500	16727
1503	9910
1507	10085
1511	13042
1515	10722
1519	14576
1523	24855
1527	26220
1531	13303
1535	19520
1539	41925
1542	51701
1546	46292
1550	30586
1554	11420
1558	3777
---
808	95177
812	33978
816	59932
820	79084
824	56249
828	71554
832	88156
835	57562
839	34514
843	44393
847	12056
851	56103
855	86998
859	53449
863	24559
867	81728
871	72088
875	41027
878	98159
882	106774
886	69520
890	107680
894	129714
898	76753
902	67618
906	106928
910	68442
914	89187
917	165980
921	149784
925	80776
929	128200
933	132642
937	48842
941	124719
945	166389
949	86517
953	94087
957	159731
960	86743
964	109561
968	224967
972	171701
976	99557
980	272620
984	270729
988	76924
992	275801
996	366025
1000	162569
1003	347945
1007	582778
1011	296828
1015	600739
1019	1763190
1023	2654217
1027	2819705
1031	2181767
1035	1080090
1039	170000
1042	561314
1046	576908
1050	480079
1054	730257
1058	930914
1062	877287
1066	618072
1070	287476
1074	146440
1078	247138
1082	215225
1085	96800
1089	130003
1093	154618
1097	82179
1101	94166
1105	141359
1109	96881
1113	40930
1117	81802
1121	59741
1125	16558
1128	75870
1132	73612
1136	25563
1140	40117
1144	40888
1148	6701
1152	54523
1156	63847
1160	37440
1164	40704
1167	50155
1171	38405
1175	26893
1179	10077
1183	45630
1187	77666
1191	79563
1195	77769
1199	78205
1203	40589
1207	56146
1210	110920
1214	118088
1218	156296
1222	237243
1226	364630
1230	635137
1234	916330
1238	956341
1242	681434
1246	719221
1250	1335214
1253	1712995
1257	1541208
1261	909722
1265	173738
1269	301586
1273	337381
1277	69021
1281	225539
1285	279981
1289	72952
1292	262714
1296	458714
1300	419237
1304	211674
1308	100521
1312	177249
1316	150766
1320	91427
1324	179677
1328	313315
1332	375430
1335	301079
1339	117650
1343	106500
1347	181520
1351	115450
1355	68013
1359	153060
1363	132541
1367	52890
1371	110688
1375	118500
1378	45927
1382	82209
1386	106761
1390	50242
1394	75956
1398	112092
1402	73223
1406	88880
1410	134556
1414	95418
1417	10975
1421	88523
1425	85895
1429	51072
1433	114034
1437	124557
1441	65349
1445	78855
1449	99699
1453	69041
1457	128899
1460	172122
1464	124016
1468	116014
1472	190910
1476	172605
1480	85382
1484	134696
1488	149776
1492	96045
1496	208047
1500	276089
1503	196860
1507	283459
1511	553432
1515	682933
1519	578118
1523	347762
1527	384967
1531	632830
1535	793532
1539	808066
1542	687150
1546	506505
1550	405830
1554	397599
1558	340882
---
808	35828
812	51471
816	62962
820	42931
824	36991
828	61694
832	58857
835	34485
839	54395
843	70218
847	47726
851	40542
855	68312
859	62366
863	33320
867	56370
871	74515
875	51225
878	43368
882	76453
886	69253
890	35587
894	66040
898	83223
902	52147
906	46127
910	87884
914	80613
917	39032
921	79783
925	101427
929	59641
933	55771
937	107742
941	95586
945	39287
949	98594
953	129877
957	74038
960	72920
964	148712
968	128649
972	43594
976	142879
980	188475
984	99244
988	110094
992	247848
996	218617
1000	48965
1003	289550
1007	401494
1011	195438
1015	437547
1019	1153811
1023	1709235
1027	1824299
1031	1431013
1035	714979
1039	53553
1042	375500
1046	319521
1050	171609
1054	588062
1058	836664
1062	755367
1066	419260
1070	32832
1074	209779
1078	228409
1082	81416
1085	94863
1089	170545
1093	113256
1097	21045
1101	110729
1105	114071
1109	43485
1113	60887
1117	101771
1121	72257
1125	30582
1128	78505
1132	81366
1136	42206
1140	52448
1144	74825
1148	61579
1152	41505
1156	60143
1160	68695
1164	51820
1167	50162
1171	62647
1175	63407
1179	57712
1183	52387
1187	64468
1191	73552
1195	59356
1199	56388
1203	82839
1207	88739
1210	59213
1214	75513
1218	124551
1222	107372
1226	53633
1230	145529
1234	190158
1238	102498
1242	246193
1246	615275
1250	939677
1253	1073053
1257	954911
1261	637980
1265	255690
1269	71637
1273	204743
1277	176845
1281	49317
1285	82336
1289	151928
1292	152832
1296	119593
1300	90146
1304	80788
1308	86190
1312	81158
1316	42495
1320	30528
1324	98052
1328	131748
1332	117293
1335	67899
1339	14173
1343	28325
1347	32137
1351	14926
1355	22149
1359	29802
1363	19476
1367	13292
1371	24396
1375	24743
1378	14609
1382	17846
1386	26599
1390	21773
1394	12918
1398	21995
1402	25047
1406	15564
1410	13661
1414	24662
1417	24264
1421	12667
1425	20174
1429	29145
1433	20465
1437	11474
1441	26032
1445	27765
1449	12875
1453	18084
1457	33141
1460	26673
1464	10109
1468	32015
1472	38085
1476	17958
1480	20757
1484	43168
1488	37256
1492	8936
1496	41969
1500	57306
1503	29971
1507	31179
1511	74181
1515	68434
1519	16036
1523	82712
1527	126402
1531	70951
1535	105438
1539	346424
1542	563680
1546	666107
1550	611713
1554	425540
1558	186767
---
808	27871
812	23103
816	28596
820	28951
824	24407
828	30295
832	37126
835	31603
839	29569
843	36047
847	31294
851	22321
855	28331
859	33454
863	27447
867	28416
871	40120
875	37130
878	28473
882	37369
886	38551
890	26091
894	27944
898	40061
902	36284
906	28166
910	43926
914	47660
917	31594
921	37202
925	48419
929	36920
933	28130
937	48788
941	52263
945	33846
949	50243
953	66574
957	46048
960	41625
964	71020
968	64458
972	34084
976	72632
980	96867
984	60827
988	70993
992	132202
996	111750
1000	60656
1003	178607
1007	232301
1011	114027
1015	223420
1019	623850
1023	939787
1027	1017421
1031	822493
1035	454184
1039	106053
1042	190534
1046	229606
1050	209250
1054	322538
1058	418718
1062	388993
1066	263196
1070	136016
1074	97438
1078	101634
1082	95595
1085	84362
1089	66851
1093	67453
1097	77485
1101	61896
1105	41425
1109	59594
1113	65578
1117	41966
1121	44855
1125	66303
1128	51286
1132	30677
1136	55784
1140	56112
1144	26298
1148	38876
1152	60849
1156	43759
1160	25765
1164	60448
1167	58364
1171	19733
1175	47288
1179	66028
1183	38634
1187	24545
1191	69502
1195	67212
1199	16139
1203	63836
1207	89143
1210	44939
1214	41832
1218	105804
1222	96945
1226	5442
1230	121271
1234	184940
1238	102372
1242	135816
1246	450810
1250	720078
1253	837503
1257	757089
1261	515121
1265	218685
1269	47030
1273	135087
1277	119045
1281	36173
1285	53452
1289	91193
1292	73437
1296	60537
1300	85432
1304	88947
1308	62117
1312	33945
1316	44090
1320	39323
1324	23890
1328	53206
1332	62852
1335	40505
1339	11222
1343	29407
1347	36996
1351	18230
1355	18435
1359	36000
1363	24305
1367	9221
1371	28316
1375	28389
1378	12411
1382	16237
1386	31204
1390	23459
1394	4966
1398	28533
1402	28497
1406	7910
1410	18034
1414	27828
1417	19816
1421	4332
1425	25605
1429	28435
1433	6977
1437	20699
1441	30903
1445	17724
1449	8283
1453	26438
1457	28681
1460	10005
1464	19661
1468	34633
1472	21217
1476	10441
1480	32389
1484	30682
1488	10366
1492	22609
1496	39514
1500	28976
1503	10858
1507	43649
1511	47018
1515	18866
1519	37638
1523	66594
1527	60046
1531	30589
1535	107973
1539	206033
1542	271159
1546	288027
1550	257737
1554	186259
1558	96756
---
808	75300
812	18854
816	51946
820	69760
824	24603
828	45310
832	85850
835	69307
839	7622
843	59327
847	76245
851	25704
855	55008
859	95202
863	61219
867	19385
871	78922
875	74519
878	10907
882	77355
886	110334
890	58528
894	51216
898	121768
902	97571
906	7675
910	113647
914	140005
917	67112
921	75134
925	154276
929	119056
933	29395
937	153904
941	171098
945	60352
949	132847
953	218467
957	146604
960	52615
964	224003
968	234234
972	66697
976	217108
980	325831
984	182959
988	156784
992	408513
996	365666
1000	95518
1003	563973
1007	787795
1011	402373
1015	752240
1019	2077322
1023	3083446
1027	3265923
1031	2523130
1035	1217089
1039	15746
1042	597696
1046	359645
1050	507194
1054	1341657
1058	1734486
1062	1504898
1066	834148
1070	123707
1074	355541
1078	403052
1082	204781
1085	153986
1089	217370
1093	168399
1097	169353
1101	203978
1105	144693
1109	98201
1113	172884
1117	167284
1121	77486
1125	110109
1128	170872
1132	143904
1136	76737
1140	95221
1144	116256
1148	80162
1152	65584
1156	105612
1160	102871
1164	58083
1167	57850
1171	84100
1175	60631
1179	18553
1183	89418
1187	115422
1191	66030
1195	30186
1199	106419
1203	109401
1207	52458
1210	113889
1214	191628
1218	160307
1222	63692
1226	342936
1230	636928
1234	784698
1238	740886
1242	794395
1246	1277920
1250	1831553
1253	2060817
1257	1799757
1261	1133989
1265	341594
1269	252867
1273	446185
1277	269768
1281	99792
1285	277398
1289	220905
1292	170876
1296	418619
1300	519171
1304	380896
1308	153478
1312	221778
1316	233315
1320	93946
1324	277806
1328	449489
1332	428531
1335	242863
1339	20423
1343	105173
1347	82717
1351	30430
1355	114883
1359	104071
1363	15838
1367	73935
1371	91198
1375	25841
1378	69672
1382	117730
1386	76427
1390	25954
1394	102197
1398	94736
1402	9799
1406	87435
1410	124018
1414	74917
1417	29410
1421	102061
1425	94150
1429	14214
1433	86814
1437	115106
1441	58866
1445	44516
1449	104615
1453	84491
1457	6212
1460	99185
1464	121555
1468	52322
1472	65170
1476	127433
1480	92655
1484	20991
1488	119286
1492	133392
1496	56775
1500	136727
1503	217569
1507	177712
1511	247961
1515	519812
1519	732715
1523	760964
1527	592348
1531	324233
1535	159535
1539	250369
1542	393643
1546	539591
1550	616585
1554	562904
1558	381355
---
808	44938
812	53244
816	34652
820	32948
824	55527
828	49596
832	27907
835	47908
839	56561
843	33945
847	30941
851	55470
855	50347
859	25600
863	48970
867	62313
871	37613
875	32453
878	61128
882	54933
886	23592
890	47723
894	66462
898	43076
902	31539
906	67508
910	63412
914	24623
917	51534
921	74257
925	49178
929	28184
933	74166
937	76721
941	30010
945	58426
949	91917
953	63163
957	26195
960	88676
964	100561
968	42600
972	65382
976	125992
980	99830
984	25927
988	128738
992	167215
996	86018
1000	97978
1003	254290
1007	270210
1011	72434
1015	301584
1019	712637
1023	993852
1027	1029519
1031	810477
1035	440414
1039	87319
1042	113093
1046	103611
1050	54962
1054	233916
1058	325776
1062	277569
1066	122099
1070	56219
1074	150281
1078	135025
1082	42934
1085	64449
1089	108946
1093	75318
1097	21089
1101	86142
1105	97535
1109	45878
1113	40359
1117	87334
1121	77601
1125	24302
1128	59679
1132	89071
1136	59358
1140	25978
1144	76767
1148	83160
1152	37524
1156	45306
1160	88304
1164	75376
1167	24671
1171	73016
1175	98601
1179	58361
1183	37808
1187	99442
1191	100941
1195	36453
1199	76657
1203	133369
1207	100824
1210	31260
1214	139050
1218	174626
1222	84846
1226	106251
1230	269231
1234	287480
1238	93711
1242	324494
1246	772983
1250	1101623
1253	1180101
1257	984284
1261	600631
1265	184187
1269	128212
1273	241382
1277	186181
1281	45939
1285	96775
1289	169578
1292	171187
1296	138104
1300	112231
1304	93002
1308	67246
1312	50383
1316	52641
1320	43741
1324	20689
1328	43986
1332	69786
1335	73375
1339	60064
1343	41334
1347	30893
1351	29953
1355	34272
1359	37713
1363	26599
1367	18991
1371	34232
1375	33730
1378	16622
1382	20649
1386	35015
1390	29545
1394	7465
1398	28368
1402	38104
1406	20286
1410	12818
1414	35025
1417	33184
1421	8488
1425	23534
1429	40266
1433	27991
1437	7097
1441	36791
1445	40409
1449	15091
1453	22515
1457	44537
1460	36412
1464	7559
1468	39456
1472	52299
1476	28128
1480	23520
1484	56057
1488	51906
1492	15142
1496	47237
1500	72821
1503	48708
1507	27558
1511	84811
1515	91574
1519	33228
1523	90036
1527	163339
1531	135618
1535	70025
1539	318176
1542	589091
1546	752906
1550	739875
1554	559265
1558	290211
---
808	105768
812	102756
816	70755
820	44437
824	55438
828	47761
832	16475
835	63704
839	78651
843	64403
847	89406
851	119957
855	122280
859	105661
863	108796
867	130650
871	118345
875	79258
878	77042
882	84375
886	65687
890	37151
894	18463
898	27638
902	53014
906	66460
910	50658
914	49232
917	78918
921	81940
925	61133
929	54926
933	74702
937	73112
941	41710
945	63845
949	84814
953	64159
957	70405
960	107613
964	119033
968	103641
972	126005
976	176966
980	176010
984	154635
988	206328
992	256763
996	238363
1000	198832
1003	271092
1007	346923
1011	275985
1015	196399
1019	497502
1023	810426
1027	932819
1031	795200
1035	453334
1039	112268
1042	260446
1046	331016
1050	245605
1054	154650
1058	169605
1062	138639
1066	35497
1070	92883
1074	123603
1078	80090
1082	98679
1085	154591
1089	144948
1093	91727
1097	121822
1101	157811
1105	116240
1109	56144
1113	91228
1117	97503
1121	50864
1125	10560
1128	38443
1132	31647
1136	61443
1140	78745
1144	40044
1148	70528
1152	133815
1156	133723
1160	95660
1164	139918
1167	197356
1171	173693
1175	126810
1179	191674
1183	224463
1187	164682
1191	144600
1195	220768
1199	226162
1203	152404
1207	203519
1210	301888
1214	273112
1218	210237
1222	336815
1226	434925
1230	364960
1234	259989
1238	448792
1242	651497
1246	662937
1250	529778
1253	501106
1257	623109
1261	653843
1265	506764
1269	265454
1273	186077
1277	267012
1281	249173
1285	145522
1289	31942
1292	41589
1296	55738
1300	57500
1304	73599
1308	84599
1312	111062
1316	143393
1320	151743
1324	136729
1328	118582
1332	117335
1335	117754
1339	95272
1343	68045
1347	61763
1351	49646
1355	23599
1359	11663
1363	25430
1367	31396
1371	45723
1375	70292
1378	77716
1382	68124
1386	68591
1390	74847
1394	70187
1398	54755
1402	34139
1406	23423
1410	20803
1414	29245
1417	44949
1421	53213
1425	66113
1429	85712
1433	102493
1437	108767
1441	102662
1445	102809
1449	109580
1453	99821
1457	78452
1460	64666
1464	60346
1468	66152
1472	83495
1476	102010
1480	118720
1484	149667
1488	185592
1492	205174
1496	216630
1500	230650
1503	243826
1507	251686
1511	242706
1515	222251
1519	210266
1523	196970
1527	169288
1531	126995
1535	64723
1539	10417
1542	69872
1546	110448
1550	132715
1554	134316
1558	118332
---
808	49267
812	71415
816	36164
820	36125
824	74793
828	53956
832	19163
835	71545
839	70201
843	17127
847	62990
851	83205
855	36669
859	49061
863	91081
867	60145
871	29345
875	91105
878	82807
882	17688
886	82942
890	101748
894	39295
898	67773
902	115357
906	70039
910	45821
914	121576
917	102648
921	23906
925	118502
929	135407
933	43908
937	102258
941	163184
945	92364
949	73842
953	183428
957	150485
960	39230
964	192047
968	217615
972	68576
976	177416
980	286796
984	166587
988	142648
992	372301
996	331088
1000	84322
1003	485833
1007	655206
1011	278126
1015	636023
1019	1759737
1023	2624608
1027	2872302
1031	2437461
1035	1545475
1039	546964
1042	289416
1046	864917
1050	1233444
1054	1459505
1058	1534208
1062	1388874
1066	990823
1070	428563
1074	100860
1078	383826
1082	349687
1085	98116
1089	163151
1093	254268
1097	142112
1101	60869
1105	192221
1109	162218
1113	13181
1117	131063
1121	157399
1125	59727
1128	77088
1132	139337
1136	88783
1140	33467
1144	113240
1148	102751
1152	27678
1156	83643
1160	101609
1164	47501
1167	59981
1171	94127
1175	66166
1179	50642
1183	81767
1187	75379
1191	62629
1195	74006
1199	71854
1203	87055
1207	97781
1210	62308
1214	117743
1218	179150
1222	92153
1226	184977
1230	540922
1234	799892
1238	801881
1242	538842
1246	377298
1250	677779
1253	871179
1257	772979
1261	457421
1265	115785
1269	131942
1273	156728
1277	70966
1281	97721
1285	122111
1289	81525
1292	132562
1296	199863
1300	193745
1304	139454
1308	105746
1312	85261
1316	27753
1320	66780
1324	151024
1328	202429
1332	208636
1335	166530
1339	86318
1343	24808
1347	67610
1351	64384
1355	20855
1359	42966
1363	58883
1367	31655
1371	25279
1375	51698
1378	39482
1382	14700
1386	43828
1390	44588
1394	14984
1398	33392
1402	46035
1406	23934
1410	20821
1414	43179
1417	32375
1421	10250
1425	37097
1429	37178
1433	9939
1437	30300
1441	40316
1445	18073
1449	20177
1453	39725
1457	26848
1460	8892
1464	36323
1468	33532
1472	3058
1476	32227
1480	38981
1484	11866
1488	26647
1492	42524
1496	20419
1500	24500
1503	51856
1507	35880
1511	18844
1515	65545
1519	63122
1523	13761
1527	82622
1531	104967
1535	39227
1539	200097
1542	427260
1546	575918
1550	568694
1554	407166
1558	170709
---
808	5632
812	26975
816	34058
820	16660
824	20067
828	38924
832	28653
835	10139
839	34306
843	35942
847	12608
851	23049
855	40921
859	28996
863	12894
867	42544
871	42754
875	12618
878	33412
882	48662
886	28790
890	16138
894	49002
898	47981
902	13512
906	43515
910	61087
914	32718
917	26949
921	62992
925	54734
929	12219
933	56566
937	76910
941	40482
945	39392
949	87592
953	72772
957	18331
960	83648
964	106071
968	51549
972	60337
976	133320
980	114554
984	31309
988	145310
992	193181
996	99121
1000	124454
1003	308452
1007	325624
1011	92366
1015	403867
1019	952497
1023	1372797
1027	1510410
1031	1327484
1035	899186
1039	362470
1042	153976
1046	560322
1050	842807
1054	1001372
1058	1019651
1062	877896
1066	597470
1070	257899
1074	59460
1078	204467
1082	200262
1085	84756
1089	69666
1093	133361
1097	103253
1101	34226
1105	81549
1109	98025
1113	54520
1117	42192
1121	80059
1125	68265
1128	31016
1132	56386
1136	66217
1140	38826
1144	34052
1148	55520
1152	47663
1156	27802
1160	42834
1164	49191
1167	34435
1171	32756
1175	41805
1179	36917
1183	30142
1187	33424
1191	35643
1195	35000
1199	32034
1203	30744
1207	40124
1210	40442
1214	22643
1218	35708
1222	53945
1226	34658
1230	18832
1234	66257
1238	57537
1242	78474
1246	253968
1250	432138
1253	519944
1257	471045
1261	307869
1265	111617
1269	67529
1273	102805
1277	55429
1281	45335
1285	73891
1289	40162
1292	63652
1296	135551
1300	155579
1304	113024
1308	42080
1312	38689
1316	50811
1320	33630
1324	42724
1328	62206
1332	66523
1335	61640
1339	49811
1343	25935
1347	15172
1351	37625
1355	34459
1359	7445
1363	26069
1367	34546
1371	17490
1375	12594
1378	30008
1382	25868
1386	3663
1390	23835
1394	30091
1398	11885
1402	15446
1406	28759
1410	19541
1414	5151
1417	23136
1421	24948
1425	7645
1429	16328
1433	26953
1437	15098
1441	8902
1445	24493
1449	20084
1453	2049
1457	18588
1460	23694
1464	10293
1468	12315
1472	25280
1476	16819
1480	6037
1484	23281
1488	20640
1492	2048
1496	19628
1500	25199
1503	9916
1507	16270
1511	30893
1515	18047
1519	15201
1523	41057
1527	33108
1531	12596
1535	73879
1539	115410
1542	108240
1546	49574
1550	32856
1554	90317
1558	95636
---
808	119087
812	195988
816	202500
820	177212
824	183135
828	192791
832	164119
835	129446
839	141085
843	164226
847	162765
851	143274
855	154495
859	225630
863	291650
867	291275
871	219189
875	149708
878	169529
882	188656
886	161478
890	152668
894	195280
898	233449
902	256034
906	266167
910	242903
914	176045
917	99723
921	82864
925	86785
929	55237
933	29846
937	67266
941	87075
945	68160
949	35917
953	86227
957	127000
960	111839
964	77266
968	132591
972	184567
976	156107
980	54235
984	74161
988	136092
992	110790
996	42632
1000	93503
1003	122364
1007	75821
1011	66934
1015	150431
1019	185091
1023	160328
1027	114489
1031	89676
1035	75249
1039	48368
1042	101771
1046	218843
1050	315051
1054	333445
1058	263821
1062	169568
1066	150777
1070	160941
1074	151807
1078	174329
1082	192947
1085	134361
1089	8358
1093	124307
1097	173688
1101	136105
1105	108724
1109	135368
1113	106602
1117	42831
1121	129078
1125	175475
1128	128213
1132	30320
1136	49544
1140	63990
1144	77312
1148	96902
1152	44566
1156	91575
1160	228513
1164	271339
1167	183192
1171	144334
1175	267946
1179	272497
1183	144525
1187	233193
1191	382151
1195	339794
1199	138120
1203	239953
1207	373739
1210	266591
1214	64440
1218	405915
1222	655015
1226	800626
1230	968134
1234	1136273
1238	1122150
1242	842105
1246	466268
1250	506449
1253	739154
1257	764854
1261	590872
1265	372344
1269	266615
1273	228943
1277	160692
1281	106311
1285	123423
1289	120362
1292	52174
1296	64536
1300	167724
1304	220865
1308	208506
1312	150904
1316	94572
1320	83153
1324	123774
1328	181570
1332	216574
1335	216267
1339	197872
1343	177824
1347	139721
1351	60872
1355	56419
1359	156189
1363	208603
1367	196276
1371	127932
1375	37476
1378	45814
1382	63717
1386	37248
1390	63455
1394	101875
1398	88791
1402	40182
1406	67028
1410	84011
1414	39075
1417	81528
1421	162525
1425	181961
1429	141108
1433	113377
1437	129716
1441	115898
1445	96863
1449	141003
1453	168255
1457	133993
1460	62251
1464	27170
1468	52796
1472	79577
1476	113988
1480	139541
1484	162447
1488	176201
1492	142404
1496	73622
1500	142141
1503	222570
1507	199050
1511	70091
1515	90360
1519	182255
1523	154988
1527	139536
1531	321491
1535	510471
1539	629904
1542	672770
1546	641608
1550	526535
1554	342604
1558	160141
---
808	12327
812	7874
816	4934
820	13596
824	11860
828	2763
832	11071
835	13102
839	6819
843	6230
847	13201
851	11623
855	2670
859	12926
863	15172
867	5443
871	8820
875	14906
878	10910
882	5574
886	13786
890	15447
894	5336
898	11530
902	18551
906	11091
910	6381
914	16683
917	15458
921	5102
925	14314
929	20861
933	11739
937	9957
941	22734
945	18112
949	5598
953	20714
957	24157
960	11048
964	16434
968	30375
972	22369
976	11812
980	34064
984	34159
988	14685
992	35621
996	49115
1000	33665
1003	48493
1007	82730
1011	60708
1015	46314
1019	200882
1023	338653
1027	387327
1031	316120
1035	156097
1039	44962
1042	128781
1046	119227
1050	126173
1054	256235
1058	350817
1062	337811
1066	222579
1070	65316
1074	57631
1078	98748
1082	63374
1085	6403
1089	51632
1093	52727
1097	17731
1101	35311
1105	51822
1109	31282
1113	17353
1117	42165
1121	39075
1125	14929
1128	30338
1132	43183
1136	27013
1140	17705
1144	40962
1148	37565
1152	14730
1156	33105
1160	44737
1164	28002
1167	20502
1171	45930
1175	43179
1179	15896
1183	41213
1187	55971
1191	32837
1195	28576
1199	63594
1203	59964
1207	20313
1210	64508
1214	95142
1218	56889
1222	51019
1226	159313
1230	215569
1234	187832
1238	137988
1242	215450
1246	327782
1250	397591
1253	440234
1257	470273
1261	453595
1265	357343
1269	199218
1273	67917
1277	111753
1281	119765
1285	59184
1289	68248
1292	132084
1296	156787
1300	158406
1304	156013
1308	132712
1312	71515
1316	22299
1320	98385
1324	144307
1328	151079
1332	130592
1335	96909
1339	57048
1343	17764
1347	16235
1351	26038
1355	19485
1359	13125
1363	17391
1367	17465
1371	13624
1375	14674
1378	16130
1382	12725
1386	13476
1390	15558
1394	11928
1398	12614
1402	15957
1406	14021
1410	11809
1414	13590
1417	14387
1421	11806
1425	13029
1429	16587
1433	13344
1437	11043
1441	15954
1445	15268
1449	11718
1453	14357
1457	17089
1460	14804
1464	13356
1468	18537
1472	18366
1476	13572
1480	18364
1484	21396
1488	17906
1492	19320
1496	24664
1500	24307
1503	21277
1507	28102
1511	32583
1515	24937
1519	32084
1523	53466
1527	58668
1531	47203
1535	77494
1539	156829
1542	237661
1546	286899
1550	285091
1554	230103
1558	138607
---
808	22889
812	25065
816	20554
820	17020
824	19740
828	20234
832	17605
835	20603
839	25316
843	22611
847	20456
851	24013
855	21530
859	15576
863	18476
867	22611
871	19990
875	18759
878	25593
882	25482
886	19692
890	23232
894	24889
898	17647
902	15219
906	23224
910	24440
914	18782
917	24390
921	29085
925	21149
929	19099
933	26468
937	23314
941	14305
945	22831
949	30710
953	22986
957	20750
960	33583
964	29888
968	15544
972	26718
976	34648
980	23724
984	18118
988	39727
992	41221
996	18595
1000	36371
1003	56540
1007	43163
1011	25632
1015	80516
1019	137066
1023	165809
1027	161171
1031	138379
1035	113429
1039	85290
1042	44690
1046	15951
1050	84028
1054	149388
1058	189535
1062	184564
1066	131677
1070	57338
1074	24679
1078	38725
1082	29172
1085	18131
1089	25511
1093	25592
1097	11871
1101	19618
1105	25338
1109	9340
1113	14780
1117	24936
1121	14913
1125	4786
1128	19943
1132	21731
1136	8460
1140	15479
1144	27216
1148	18910
1152	11228
1156	25692
1160	24615
1164	11396
1167	18978
1171	28903
1175	22985
1179	16887
1183	31091
1187	32466
1191	20772
1195	27888
1199	36520
1203	29373
1207	25678
1210	40644
1214	45572
1218	38294
1222	46756
1226	60474
1230	59557
1234	61984
1238	84381
1242	120451
1246	185585
1250	279436
1253	361854
1257	387444
1261	338551
1265	235172
1269	123552
1273	64121
1277	64053
1281	52131
1285	37948
1289	35597
1292	21762
1296	29926
1300	58139
1304	68417
1308	54497
1312	27972
1316	22601
1320	26163
1324	16722
1328	29423
1332	45740
1335	44692
1339	28263
1343	13318
1347	22531
1351	24847
1355	15349
1359	14957
1363	19984
1367	15066
1371	8034
1375	12703
1378	15315
1382	10774
1386	9623
1390	15627
1394	13784
1398	7402
1402	11404
1406	12755
1410	7459
1414	4800
1417	11029
1421	11852
1425	6032
1429	9989
1433	13463
1437	7603
1441	5392
1445	10637
1449	9187
1453	2191
1457	8287
1460	13614
1464	8407
1468	5970
1472	14811
1476	11696
1480	519
1484	11455
1488	14117
1492	7467
1496	7070
1500	18529
1503	16037
1507	3292
1511	22307
1515	25045
1519	9093
1523	24850
1527	40455
1531	28171
1535	35865
1539	114694
1542	189871
1546	222237
1550	197328
1554	130505
1558	54089
---
808	21325
812	17161
816	15398
820	17190
824	17461
828	16488
832	19387
835	22327
839	20231
843	19027
847	20239
851	17632
855	14308
859	15903
863	18172
867	17188
871	18050
875	22349
878	21677
882	18087
886	18501
890	17508
894	13701
898	14291
902	18490
906	18597
910	16944
914	21399
917	22436
921	16883
925	16603
929	18947
933	15558
937	12073
941	17926
945	21724
949	17578
953	18999
957	24064
960	18878
964	13243
968	19058
972	19766
976	12910
980	15581
984	24597
988	20792
992	15421
996	26495
1000	25039
1003	12267
1007	22789
1011	27966
1015	8503
1019	34573
1023	82192
1027	103544
1031	79734
1035	30724
1039	49459
1042	65741
1046	37596
1050	60110
1054	140905
1058	190915
1062	179216
1066	113244
1070	31346
1074	26658
1078	43722
1082	26291
1085	6382
1089	29955
1093	28043
1097	7875
1101	22100
1105	26109
1109	11383
1113	11782
1117	21623
1121	17840
1125	7358
1128	19602
1132	25057
1136	14654
1140	15741
1144	24802
1148	18283
1152	7696
1156	18631
1160	23214
1164	14974
1167	13977
1171	26673
1175	24173
1179	12985
1183	23498
1187	27511
1191	16079
1195	14380
1199	29726
1203	30387
1207	15944
1210	29313
1214	42537
1218	29813
1222	20531
1226	47117
1230	54471
1234	31261
1238	45740
1242	104514
1246	136842
1250	126738
1253	104921
1257	124494
1261	157866
1265	157667
1269	112739
1273	44640
1277	30070
1281	51908
1285	40237
1289	14042
1292	36193
1296	55402
1300	48084
1304	20827
1308	7179
1312	17233
1316	11520
1320	2032
1324	14162
1328	19244
1332	11810
1335	3470
1339	12819
1343	10279
1347	2768
1351	8092
1355	9514
1359	6103
1363	4273
1367	10600
1371	10679
1375	6340
1378	9945
1382	10582
1386	5615
1390	4441
1394	7859
1398	8430
1402	6162
1406	8605
1410	11016
1414	8585
1417	7578
1421	8791
1425	7148
1429	5188
1433	6574
1437	8414
1441	8270
1445	8536
1449	9637
1453	9115
1457	8331
1460	7769
1464	6748
1468	6626
1472	7354
1476	7499
1480	8848
1484	11160
1488	9785
1492	7982
1496	10681
1500	9480
1503	4582
1507	8900
1511	13487
1515	9473
1519	8426
1523	22552
1527	21936
1531	4739
1535	40353
1539	73480
1542	86572
1546	72761
1550	35938
1554	12601
1558	37737
---
808	20695
812	16459
816	17487
820	20004
824	16260
828	15255
832	19623
835	18023
839	14721
843	19408
847	19969
851	14536
855	17398
859	20712
863	16008
867	14764
871	19423
875	17580
878	14575
882	18875
886	18419
890	13880
894	19004
898	21263
902	14829
906	15611
910	20702
914	16818
917	13906
921	19916
925	18762
929	13619
933	19817
937	21093
941	12973
945	16898
949	21863
953	14346
957	12999
960	22188
964	18971
968	11100
972	21100
976	22777
980	12805
984	19445
988	24483
992	13174
996	15491
1000	25805
1003	16812
1007	13429
1011	30180
1015	21692
1019	16371
1023	63075
1027	86535
1031	68662
1035	27726
1039	44636
1042	56713
1046	31485
1050	63707
1054	126249
1058	153837
1062	133075
1066	80049
1070	24122
1074	13633
1078	25840
1082	19113
1085	4294
1089	10597
1093	14392
1097	8019
1101	3609
1105	12351
1109	11348
1113	2212
1117	10911
1121	12738
1125	4320
1128	8833
1132	12504
1136	5964
1140	7084
1144	13219
1148	8935
1152	5227
1156	14277
1160	12263
1164	3551
1167	14199
1171	14800
1175	3515
1179	12148
1183	16322
1187	6528
1191	9828
1195	18746
1199	11412
1203	7566
1207	21638
1210	16776
1214	5875
1218	25737
1222	25273
1226	7167
1230	32122
1234	42094
1238	20003
1242	50516
1246	105673
1250	128381
1253	115452
1257	110052
1261	128230
1265	122675
1269	76247
1273	15185
1277	38369
1281	44754
1285	17132
1289	18849
1292	32562
1296	19627
1300	18499
1304	31897
1308	23705
1312	2641
1316	21144
1320	23234
1324	7542
1328	14272
1332	21515
1335	10965
1339	10548
1343	20597
1347	14423
1351	6129
1355	17522
1359	16458
1363	5581
1367	14424
1371	18137
1375	8854
1378	10666
1382	18070
1386	12482
1390	7516
1394	15676
1398	13789
1402	6286
1406	13277
1410	14987
1414	7893
1417	11823
1421	16562
1425	10796
1429	9481
1433	16166
1437	13091
1441	7565
1445	14372
1449	14876
1453	8216
1457	12259
1460	16082
1464	10477
1468	10273
1472	16707
1476	13625
1480	8921
1484	15741
1488	15935
1492	9064
1496	13830
1500	18105
1503	12278
1507	12290
1511	20408
1515	17431
1519	11481
1523	23320
1527	26480
1531	14041
1535	31656
1539	65368
1542	85075
1546	80769
1550	55495
1554	23794
1558	12740
---
808	15320
812	16069
816	12727
820	12270
824	14351
828	13282
832	12864
835	15294
839	14664
843	12861
847	15208
851	15145
855	11570
859	12989
863	15037
867	12570
871	12029
875	14612
878	13191
882	11758
886	15415
890	14981
894	10824
898	13611
902	15213
906	10734
910	11086
914	14837
917	12063
921	9394
925	14496
929	14116
933	9276
937	13764
941	15566
945	9861
949	11311
953	15255
957	10938
960	8681
964	14784
968	13045
972	7088
976	14332
980	15509
984	7493
988	12581
992	16413
996	8261
1000	9161
1003	17073
1007	11523
1011	5037
1015	20667
1019	24668
1023	23633
1027	32191
1031	33822
1035	23477
1039	28500
1042	33419
1046	22887
1050	61088
1054	115859
1058	143277
1062	125172
1066	70985
1070	16678
1074	32017
1078	32692
1082	14244
1085	18333
1089	22619
1093	13167
1097	14120
1101	19284
1105	13471
1109	12597
1113	17696
1117	13873
1121	10869
1125	14991
1128	13211
1132	10618
1136	14014
1140	12840
1144	9993
1148	14512
1152	14361
1156	9636
1160	13565
1164	14471
1167	8613
1171	12072
1175	15000
1179	8327
1183	9463
1187	16485
1191	11796
1195	7692
1199	17594
1203	14714
1207	4205
1210	17996
1214	18430
1218	1811
1222	18822
1226	24999
1230	8753
1234	22664
1238	37743
1242	19208
1246	60411
1250	140518
1253	194763
1257	194112
1261	141161
1265	67916
1269	30117
1273	36511
1277	21967
1281	16743
1285	26563
1289	15564
1292	10283
1296	24953
1300	21671
1304	5417
1308	12168
1312	15425
1316	4839
1320	9813
1324	15681
1328	7906
1332	6907
1335	14826
1339	10148
1343	3133
1347	12235
1351	11331
1355	2303
1359	9795
1363	12742
1367	5983
1371	7144
1375	12638
1378	8431
1382	5056
1386	11136
1390	9493
1394	3813
1398	8994
1402	10220
1406	5133
1410	7582
1414	11107
1417	7128
1421	5465
1425	10422
1429	8601
1433	4134
1437	8513
1441	9166
1445	4580
1449	6593
1453	9949
1457	7414
1460	5420
1464	8897
1468	7883
1472	4526
1476	7443
1480	8117
1484	4211
1488	4587
1492	8106
1496	6947
1500	3062
1503	6433
1507	8267
1511	4904
1515	2410
1519	6560
1523	7320
1527	4637
1531	3439
1535	17490
1539	37602
1542	57191
1546	67195
1550	60523
1554	37599
1558	11190
---
808	17149
812	16785
816	22022
820	18969
824	14503
828	19855
832	19598
835	14095
839	17582
843	19501
847	14043
851	15695
855	20341
859	16147
863	14541
867	20678
871	18728
875	14015
878	18491
882	18070
886	12176
890	16726
894	20089
898	15019
902	15045
906	19921
910	16618
914	13944
917	19235
921	17884
925	13447
929	17646
933	18287
937	13625
941	16281
945	18761
949	14328
953	15448
957	20542
960	17836
964	15051
968	19475
972	18900
976	15109
980	17511
984	17971
988	14151
992	16308
996	19746
1000	17782
1003	16856
1007	20021
1011	20548
1015	17431
1019	16007
1023	24478
1027	34796
1031	35670
1035	28598
1039	31203
1042	38058
1046	37704
1050	54806
1054	86550
1058	101024
1062	84779
1066	47042
1070	11670
1074	14887
1078	14379
1082	10020
1085	13062
1089	8831
1093	8401
1097	14237
1101	8533
1105	5419
1109	14878
1113	11270
1117	2320
1121	13705
1125	13635
1128	2525
1132	10641
1136	14644
1140	6571
1144	8742
1148	15613
1152	9428
1156	6490
1160	16108
1164	13229
1167	4356
1171	13290
1175	14047
1179	5753
1183	12353
1187	16498
1191	8735
1195	9268
1199	17051
1203	12956
1207	9101
1210	16238
1214	14071
1218	8902
1222	17402
1226	18433
1230	12980
1234	23176
1238	28012
1242	23666
1246	56753
1250	105292
1253	137148
1257	135898
1261	101634
1265	51476
1269	21860
1273	30184
1277	23630
1281	11275
1285	19803
1289	19556
1292	7809
1296	13878
1300	18061
1304	8064
1308	9917
1312	17840
1316	11514
1320	6658
1324	16891
1328	14940
1332	3202
1335	12851
1339	15684
1343	6239
1347	10930
1351	16747
1355	9031
1359	7136
1363	16150
1367	12366
1371	3521
1375	13336
1378	13538
1382	3870
1386	11761
1390	15287
1394	6137
1398	8923
1402	15921
1406	9968
1410	6130
1414	14509
1417	11431
1421	2756
1425	13505
1429	14537
1433	4373
1437	10543
1441	15362
1445	7724
1449	8304
1453	15359
1457	9992
1460	3691
1464	13733
1468	12676
1472	3415
1476	11164
1480	13613
1484	5432
1488	9378
1492	14785
1496	8706
1500	5658
1503	13035
1507	10526
1511	5121
1515	11439
1519	11825
1523	5175
1527	8026
1531	13349
1535	16844
1539	23742
1542	32052
1546	39154
1550	40883
1554	31168
1558	10736
---