
808	17837
812	25290
816	16671
820	3741
824	23796
828	28883
832	10547
835	18118
839	32322
843	21542
847	4193
851	26241
855	32337
859	16132
863	15478
867	37961
871	31324
875	4304
878	32714
882	40195
886	19722
890	16306
894	44238
898	41634
902	6725
906	40735
910	57119
914	31068
917	19845
921	57561
925	56796
929	14787
933	48807
937	79621
941	51875
945	25351
949	84849
953	88233
957	27833
960	69626
964	123195
968	91244
972	38680
976	145907
980	169898
984	70078
988	147245
992	283801
996	244295
1000	189956
1003	628414
1007	1099686
1011	1342368
1015	1232413
1019	816870
1023	285854
1027	128768
1031	257502
1035	103206
1039	229040
1042	481798
1046	538012
1050	386912
1054	151061
1058	142227
1062	199019
1066	128814
1070	71897
1074	136057
1078	124550
1082	56183
1085	86289
1089	114955
1093	76399
1097	54461
1101	97203
1105	88592
1109	43087
1113	68757
1117	87485
1121	57231
1125	45707
1128	80081
1132	73749
1136	41393
1140	66583
1144	80083
1148	50772
1152	47519
1156	77081
1160	67337
1164	40099
1167	71755
1171	84414
1175	51070
1179	58269
1183	93698
1187	76782
1191	42282
1195	94437
1199	115887
1203	67720
1207	90300
1210	183398
1214	203833
1218	133898
1222	35135
1226	62222
1230	50552
1234	183790
1238	422322
1242	622996
1246	688657
1250	590295
1253	373096
1257	127707
1261	63062
1265	130397
1269	95324
1273	14020
1277	54031
1281	71580
1285	41123
1289	12303
1292	49016
1296	48451
1300	19690
1304	29020
1308	43793
1312	31961
1316	26025
1320	49674
1324	47780
1328	39078
1332	101043
1335	165563
1339	190910
1343	163343
1347	94646
1351	20101
1355	32777
1359	39936
1363	22621
1367	15400
1371	22253
1375	18281
1378	12441
1382	18744
1386	14485
1390	7242
1394	17842
1398	15154
1402	2081
1406	13442
1410	17302
1414	9662
1417	7152
1421	18240
1425	16842
1429	9388
1433	17969
1437	20687
1441	13780
1445	13393
1449	19600
1453	20905
1457	21827
1460	24236
1464	24310
1468	29096
1472	33336
1476	28271
1480	42088
1484	76587
1488	98514
1492	93413
1496	73936
1500	64204
1503	52385
1507	48302
1511	86528
1515	101916
1519	63540
1523	143041
1527	323950
1531	472285
1535	513881
1539	428216
1542	256222
1546	86966
1550	86777
1554	102054
1558	44889
---
808	13106
812	24762
816	16585
820	7216
824	23260
828	21167
832	3165
835	16365
839	23562
843	13042
847	8638
851	24707
855	20606
859	1376
863	22461
867	24840
871	7867
875	15188
878	26013
882	17887
886	5747
890	25046
894	25492
898	6428
902	21415
906	28309
910	14501
914	16825
917	29229
921	23741
925	13080
929	28219
933	31056
937	15563
941	27116
945	36056
949	23393
953	27123
957	39268
960	33006
964	30482
968	44646
972	43757
976	37541
980	59273
984	62463
988	49066
992	89259
996	109210
1000	108102
1003	244796
1007	437863
1011	557315
1015	527205
1019	355422
1023	152915
1027	129528
1031	135868
1035	142201
1039	302105
1042	434622
1046	434365
1050	300707
1054	113692
1058	55207
1062	95945
1066	58475
1070	30423
1074	60303
1078	46368
1082	14715
1085	44222
1089	43352
1093	9364
1097	31947
1101	41153
1105	17058
1109	18275
1113	36791
1117	26336
1121	5106
1125	30350
1128	32441
1132	11753
1136	22868
1140	33193
1144	19987
1148	14875
1152	29893
1156	27358
1160	15786
1164	25071
1167	30796
1171	23053
1175	23218
1179	31479
1183	29990
1187	25634
1191	29280
1195	33744
1199	34199
1203	33072
1207	38187
1210	48310
1214	49385
1218	49583
1222	73740
1226	89062
1230	71683
1234	127784
1238	277293
1242	418544
1246	479494
1250	426698
1253	281134
1257	106925
1261	44177
1265	94270
1269	70660
1273	14115
1277	47715
1281	55314
1285	23899
1289	19182
1292	39441
1296	28445
1300	7006
1304	32847
1308	36632
1312	13837
1316	20684
1320	36958
1324	25192
1328	10469
1332	44261
1335	62861
1339	57293
1343	34160
1347	10341
1351	3720
1355	1715
1359	7143
1363	8153
1367	2393
1371	7650
1375	11454
1378	7175
1382	6571
1386	12920
1390	10410
1394	6221
1398	12641
1402	12109
1406	6007
1410	11103
1414	14216
1417	9300
1421	10114
1425	15629
1429	11942
1433	9743
1437	16722
1441	15135
1445	10393
1449	16699
1453	17359
1457	10165
1460	17755
1464	23426
1468	14499
1472	17399
1476	28926
1480	21309
1484	14746
1488	34608
1492	34489
1496	15373
1500	40962
1503	55808
1507	29143
1511	47219
1515	94701
1519	75931
1523	60633
1527	234879
1531	408794
1535	494377
1539	447415
1542	289265
1546	96888
1550	57354
1554	103287
1558	66502
---
808	63929
812	33963
816	59685
820	71131
824	40269
828	53338
832	75495
835	48443
839	45531
843	78294
847	59794
851	37806
855	77616
859	70880
863	33459
867	74379
871	82146
875	38261
878	69334
882	93328
886	51849
890	59862
894	99519
898	66729
902	49052
906	104264
910	85541
914	39844
917	106540
921	106667
925	38914
929	105487
933	129970
937	55646
941	100012
945	153601
949	84366
953	91460
957	181991
960	128255
964	76731
968	214826
972	189706
976	64294
980	268210
984	297206
988	74797
992	374421
996	559703
1000	273432
1003	581389
1007	1516130
1011	2098005
1015	1972885
1019	1189674
1023	183302
1027	494738
1031	504044
1035	75269
1039	827105
1042	1280575
1046	1200562
1050	699792
1054	122263
1058	238252
1062	246786
1066	48212
1070	140388
1074	165456
1078	46514
1082	89964
1085	128093
1089	52830
1093	56325
1097	102690
1101	56086
1105	36697
1109	89055
1113	64938
1117	15346
1121	68976
1125	65033
1128	17132
1132	52803
1136	63315
1140	28012
1144	38832
1148	59261
1152	37214
1156	27394
1160	53388
1164	45607
1167	24835
1171	47368
1175	53276
1179	30724
1183	37675
1187	58020
1191	44615
1195	31087
1199	64833
1203	66521
1207	29168
1210	82783
1214	133762
1218	111178
1222	20045
1226	74401
1230	86316
1234	73799
1238	288186
1242	509387
1246	609090
1250	531105
1253	316317
1257	75120
1261	82347
1265	110100
1269	44234
1273	36286
1277	65451
1281	35361
1285	17314
1289	43049
1292	35835
1296	42424
1300	54519
1304	34912
1308	9160
1312	34454
1316	27185
1320	8560
1324	33748
1328	26266
1332	18813
1335	66740
1339	88144
1343	68391
1347	23892
1351	16856
1355	25261
1359	7734
1363	16095
1367	21712
1371	7087
1375	13625
1378	20454
1382	8559
1386	10431
1390	18900
1394	9315
1398	9457
1402	20194
1406	13496
1410	6082
1414	17890
1417	13641
1421	5282
1425	18503
1429	16474
1433	5115
1437	18981
1441	20249
1445	8003
1449	18581
1453	22434
1457	9236
1460	18987
1464	26013
1468	12542
1472	20482
1476	28855
1480	5475
1484	39178
1488	71507
1492	61224
1496	15530
1500	55918
1503	72792
1507	31757
1511	64603
1515	111060
1519	74836
1523	127141
1527	322146
1531	473535
1535	497683
1539	385895
1542	212473
1546	125157
1550	142186
1554	107522
1558	36303
---
808	21482
812	12935
816	25074
820	25443
824	12945
828	20633
832	27334
835	16817
839	17016
843	29113
847	22557
851	13559
855	27811
859	26527
863	11902
867	24372
871	30322
875	16200
878	19143
882	32983
886	24479
890	15090
894	32051
898	29153
902	11859
906	29491
910	34470
914	15600
917	24548
921	39424
925	25639
929	18057
933	41961
937	36490
941	13601
945	40562
949	45867
953	18203
957	35727
960	55053
964	32667
968	28578
972	64847
976	54122
980	22967
984	75299
988	84408
992	34615
996	109382
1000	200453
1003	220056
1007	167908
1011	103343
1015	65970
1019	38766
1023	107350
1027	132427
1031	25085
1035	216924
1039	499969
1042	691660
1046	693131
1050	500674
1054	209869
1058	42242
1062	155086
1066	121394
1070	12781
1074	77312
1078	89693
1082	32703
1085	39215
1089	69127
1093	41153
1097	15116
1101	51233
1105	42617
1109	3025
1113	36477
1117	42223
1121	14503
1125	22853
1128	38429
1132	21448
1136	13366
1140	34436
1144	26455
1148	5364
1152	28629
1156	29409
1160	7394
1164	23234
1167	32110
1171	14965
1175	17748
1179	33203
1183	21682
1187	11784
1191	32457
1195	27792
1199	9066
1203	33324
1207	37012
1210	13193
1214	34375
1218	48209
1222	22775
1226	47338
1230	87951
1234	75112
1238	66545
1242	174053
1246	269149
1250	285459
1253	212316
1257	90142
1261	22781
1265	68509
1269	51691
1273	6914
1277	36739
1281	38910
1285	11780
1289	23391
1292	33630
1296	17652
1300	9430
1304	23429
1308	16801
1312	2532
1316	17888
1320	17758
1324	3299
1328	13631
1332	19780
1335	12212
1339	6963
1343	12319
1347	8009
1351	5929
1355	12456
1359	10358
1363	3004
1367	9752
1371	11509
1375	5055
1378	7834
1382	12445
1386	8277
1390	5041
1394	10796
1398	9766
1402	3579
1406	8034
1410	10809
1414	6490
1417	5822
1421	11407
1425	9724
1429	3965
1433	10454
1437	12572
1441	6463
1445	7823
1449	14345
1453	11533
1457	3637
1460	13747
1464	16089
1468	5325
1472	12615
1476	21324
1480	13070
1484	7537
1488	24640
1492	22977
1496	894
1500	29372
1503	40215
1507	16861
1511	33225
1515	70577
1519	55659
1523	39741
1527	174780
1531	308225
1535	376756
1539	347266
1542	234932
1546	99551
1550	54380
1554	77018
1558	52569
---
808	95164
812	121190
816	98560
820	97569
824	126835
828	129809
832	132665
835	156088
839	139711
843	60324
847	59429
851	122117
855	116165
859	75024
863	77344
867	85677
871	57863
875	19853
878	2966
882	38850
886	76573
890	67591
894	28158
898	104249
902	147352
906	113939
910	33607
914	31507
917	21014
921	62104
925	145443
929	150924
933	64465
937	123306
941	211488
945	182796
949	63186
953	56147
957	79482
960	62042
964	153514
968	168338
972	41677
976	176979
980	287163
984	170185
988	151300
992	479559
996	560326
1000	247127
1003	476673
1007	1243392
1011	1771914
1015	1835518
1019	1443486
1023	807068
1027	242469
1031	361754
1035	568919
1039	630911
1042	602138
1046	522960
1050	426904
1054	324497
1058	199028
1062	60972
1066	63634
1070	112540
1074	92797
1078	29961
1082	68683
1085	132601
1089	158234
1093	130488
1097	55944
1101	38139
1105	78060
1109	55893
1113	12735
1117	74130
1121	104458
1125	88403
1128	35949
1132	27700
1136	68625
1140	75452
1144	47437
1148	4202
1152	32043
1156	22474
1160	41087
1164	87640
1167	88189
1171	54265
1175	103840
1179	162331
1183	153237
1187	74213
1191	27215
1195	81435
1199	61201
1203	20745
1207	91542
1210	158271
1214	242056
1218	322745
1222	333780
1226	237069
1230	71576
1234	129678
1238	223824
1242	224745
1246	184820
1250	182107
1253	196154
1257	172679
1261	115995
1265	64802
1269	49422
1273	63846
1277	81501
1281	81770
1285	65738
1289	48791
1292	39815
1296	39783
1300	47433
1304	47471
1308	35467
1312	54352
1316	86058
1320	82665
1324	50876
1328	115952
1332	219106
1335	282104
1339	267884
1343	174396
1347	43893
1351	81485
1355	124381
1359	90566
1363	16916
1367	48691
1371	66845
1375	57562
1378	88126
1382	122489
1386	113080
1390	62811
1394	15375
1398	55158
1402	79892
1406	76813
1410	50432
1414	19098
1417	15709
1421	16447
1425	1764
1429	15160
1433	17304
1437	26895
1441	56494
1445	61731
1449	25338
1453	35330
1457	81796
1460	92461
1464	106784
1468	172471
1472	232927
1476	241430
1480	212934
1484	201983
1488	207631
1492	183380
1496	119760
1500	44137
1503	36656
1507	53778
1511	31956
1515	27540
1519	78462
1523	127647
1527	176741
1531	222221
1535	242523
1539	219603
1542	163851
1546	111924
1550	89162
1554	91873
1558	118930
---
808	13633
812	4080
816	12766
820	14269
824	7736
828	7017
832	17285
835	13659
839	3162
843	15187
847	13881
851	4437
855	8194
859	12960
863	12287
867	2737
871	14083
875	17352
878	5981
882	11190
886	14607
890	9085
894	8762
898	12048
902	16354
906	11514
910	11373
914	19062
917	14320
921	14261
925	17008
929	15112
933	19773
937	17607
941	17581
945	22462
949	22163
953	21924
957	21200
960	32667
964	35265
968	18855
972	38579
976	54288
980	37091
984	36021
988	80419
992	89768
996	41274
1000	176263
1003	397746
1007	590802
1011	682900
1015	641906
1019	480156
1023	247747
1027	20079
1031	172765
1035	287550
1039	343991
1042	354451
1046	322072
1050	250145
1054	152212
1058	49319
1062	36486
1066	78779
1070	67117
1074	17454
1078	33999
1082	54574
1085	38678
1089	2370
1093	34821
1097	45710
1101	24094
1105	15363
1109	39440
1113	33881
1117	6989
1121	22776
1125	34621
1128	23619
1132	6579
1136	29859
1140	32299
1144	11676
1148	18373
1152	30402
1156	21563
1160	5060
1164	23273
1167	29642
1171	15165
1175	13780
1179	30230
1183	24495
1187	5745
1191	22832
1195	30605
1199	19125
1203	9831
1207	32435
1210	33578
1214	7408
1218	35407
1222	60974
1226	51838
1230	11761
1234	84966
1238	177735
1242	245918
1246	263702
1250	228581
1253	156821
1257	71445
1261	2803
1265	42829
1269	43172
1273	18107
1277	13361
1281	28610
1285	27142
1289	14211
1292	17923
1296	24772
1300	15583
1304	2464
1308	15540
1312	16950
1316	8602
1320	4661
1324	15648
1328	16485
1332	7046
1335	9288
1339	16749
1343	19798
1347	21837
1351	20571
1355	13907
1359	9527
1363	17080
1367	18817
1371	11638
1375	12272
1378	16831
1382	12710
1386	7192
1390	13404
1394	16757
1398	11963
1402	10979
1406	17054
1410	14726
1414	9251
1417	13650
1421	15090
1425	10159
1429	9692
1433	15927
1437	15095
1441	10695
1445	15802
1449	16804
1453	10300
1457	11524
1460	16968
1464	14870
1468	11800
1472	20318
1476	22249
1480	13028
1484	17345
1488	25508
1492	20107
1496	16108
1500	30611
1503	33780
1507	20523
1511	39824
1515	60729
1519	41509
1523	52785
1527	163571
1531	276893
1535	342924
1539	329651
1542	241114
1546	117622
1550	28388
1554	63176
1558	64053
---
808	9492
812	9452
816	4843
820	2118
824	7434
828	10903
832	7921
835	10598
839	13493
843	7489
847	5183
851	7832
855	6752
859	4235
863	4266
867	11225
871	9132
875	5132
878	11225
882	8057
886	2179
890	4738
894	5413
898	7355
902	1120
906	8889
910	10863
914	2264
917	7468
921	7612
925	6801
929	7023
933	3543
937	12424
941	10358
945	2849
949	11183
953	12312
957	11269
960	3740
964	16293
968	23146
972	8382
976	17966
980	32779
984	23585
988	6776
992	44785
996	65245
1000	37803
1003	49205
1007	152358
1011	224772
1015	232315
1019	174876
1023	81907
1027	34466
1031	62020
1035	105596
1039	202945
1042	280007
1046	280548
1050	202456
1054	83721
1058	36127
1062	85544
1066	69399
1070	23649
1074	47962
1078	55147
1082	28918
1085	23233
1089	43610
1093	37830
1097	18450
1101	35434
1105	40646
1109	22491
1113	22199
1117	33188
1121	25885
1125	13878
1128	27025
1132	32189
1136	20197
1140	22041
1144	31361
1148	23099
1152	14769
1156	24713
1160	25684
1164	15265
1167	19199
1171	29523
1175	23920
1179	17872
1183	27397
1187	25468
1191	14033
1195	20490
1199	28945
1203	23394
1207	18859
1210	32492
1214	33272
1218	22073
1222	32073
1226	42320
1230	36023
1234	47239
1238	95554
1242	139021
1246	151250
1250	129415
1253	87627
1257	41623
1261	15034
1265	26385
1269	23433
1273	10704
1277	10413
1281	14551
1285	12327
1289	10131
1292	16222
1296	16289
1300	9487
1304	9830
1308	11320
1312	7878
1316	6428
1320	11114
1324	12340
1328	10092
1332	13011
1335	13347
1339	7300
1343	7063
1347	10356
1351	9221
1355	6951
1359	10743
1363	12810
1367	9587
1371	11710
1375	14174
1378	9797
1382	6998
1386	10804
1390	11587
1394	7729
1398	9460
1402	14041
1406	10780
1410	8577
1414	12779
1417	10447
1421	4822
1425	8688
1429	12409
1433	9232
1437	8199
1441	15746
1445	14024
1449	4951
1453	10441
1457	12381
1460	6537
1464	5143
1468	13509
1472	13576
1476	4786
1480	13666
1484	16596
1488	5821
1492	9242
1496	17888
1500	16744
1503	5954
1507	15524
1511	27369
1515	19962
1519	14137
1523	41666
1527	71073
1531	100207
1535	117010
1539	110756
1542	84616
1546	47407
1550	18275
1554	29621
1558	27938
---
808	16159
812	12152
816	15659
820	20705
824	17285
828	14709
832	20123
835	18249
839	11092
843	13463
847	17019
851	13688
855	12168
859	20169
863	20380
867	12963
871	16933
875	19723
878	12376
882	8702
886	17119
890	18820
894	12743
898	17318
902	22783
906	15622
910	11555
914	18942
917	16733
921	7900
925	14777
929	21702
933	15587
937	12343
941	23011
945	19689
949	7671
953	18068
957	21767
960	11317
964	11069
968	25966
972	22925
976	6033
980	25978
984	29858
988	8713
992	21016
996	36467
1000	26327
1003	35313
1007	85809
1011	117059
1015	102162
1019	53353
1023	41632
1027	51367
1031	23119
1035	84942
1039	176561
1042	228677
1046	211010
1050	133381
1054	38351
1058	29641
1062	50253
1066	30509
1070	5787
1074	30569
1078	27434
1082	4026
1085	19689
1089	22496
1093	7731
1097	10250
1101	18674
1105	14018
1109	4312
1113	15753
1117	17182
1121	7070
1125	12442
1128	16184
1132	8767
1136	5907
1140	12432
1144	11735
1148	6206
1152	11838
1156	14728
1160	8943
1164	9481
1167	12782
1171	8686
1175	6082
1179	10348
1183	10216
1187	6729
1191	11766
1195	13553
1199	7479
1203	9959
1207	12606
1210	5936
1214	5971
1218	14286
1222	13037
1226	3026
1230	21902
1234	33805
1238	40945
1242	64684
1246	89472
1250	92556
1253	69968
1257	31036
1261	9083
1265	30734
1269	25741
1273	3242
1277	18311
1281	21668
1285	9276
1289	7580
1292	17862
1296	15546
1300	4410
1304	15181
1308	18736
1312	8846
1316	9131
1320	15894
1324	11819
1328	3835
1332	12054
1335	15339
1339	8608
1343	9668
1347	16310
1351	11888
1355	5022
1359	12054
1363	12948
1367	6355
1371	8032
1375	15046
1378	12349
1382	5920
1386	13444
1390	14274
1394	6663
1398	7767
1402	13220
1406	11130
1410	4706
1414	11802
1417	14440
1421	7873
1425	9455
1429	14084
1433	9955
1437	4526
1441	11330
1445	13588
1449	6798
1453	8305
1457	15873
1460	12100
1464	4333
1468	12292
1472	13416
1476	5615
1480	7594
1484	16861
1488	15066
1492	4472
1496	14803
1500	18070
1503	7153
1507	10067
1511	22711
1515	22696
1519	6573
1523	25886
1527	55947
1531	73426
1535	77859
1539	73836
1542	59584
1546	35554
1550	11340
1554	11653
1558	18795
---
808	14971
812	13065
816	11013
820	12910
824	12376
828	9554
832	10962
835	12969
839	10921
843	10960
847	14679
851	13553
855	10027
859	11872
863	12158
867	8734
871	9187
875	11753
878	10308
882	8518
886	10915
890	10204
894	8436
898	12014
902	12089
906	7638
910	8790
914	11410
917	8377
921	5858
925	11120
929	10821
933	5931
937	10862
941	12572
945	6339
949	6356
953	10879
957	7986
960	2248
964	10036
968	11210
972	3168
976	8375
980	12174
984	5331
988	6527
992	11795
996	7134
1000	7610
1003	20116
1007	27811
1011	29101
1015	30045
1019	33931
1023	35375
1027	25848
1031	6150
1035	61960
1039	126740
1042	172975
1046	178188
1050	137586
1054	68218
1058	19913
1062	47144
1066	43805
1070	17912
1074	24534
1078	32783
1082	20844
1085	14202
1089	25439
1093	23068
1097	12880
1101	19906
1105	22827
1109	14565
1113	14498
1117	19542
1121	15588
1125	11788
1128	16498
1132	16225
1136	11570
1140	14667
1144	16982
1148	13067
1152	12638
1156	15325
1160	13166
1164	10744
1167	12843
1171	13116
1175	11252
1179	11959
1183	12956
1187	12495
1191	12519
1195	11667
1199	10755
1203	11643
1207	10810
1210	9783
1214	12233
1218	11008
1222	6295
1226	14167
1230	14583
1234	6530
1238	41955
1242	77544
1246	93423
1250	80493
1253	45110
1257	8879
1261	23419
1265	24536
1269	10135
1273	15567
1277	20377
1281	12068
1285	10346
1289	16655
1292	13201
1296	8374
1300	14933
1304	15226
1308	9121
1312	13127
1316	16050
1320	10624
1324	9451
1328	13882
1332	11683
1335	8175
1339	12629
1343	13396
1347	9177
1351	11979
1355	14738
1359	10493
1363	9222
1367	13107
1371	11289
1375	7956
1378	11531
1382	12245
1386	8129
1390	10666
1394	14131
1398	10790
1402	8959
1406	12653
1410	11054
1414	7164
1417	10689
1421	11949
1425	7786
1429	9604
1433	13837
1437	10744
1441	7671
1445	12669
1449	11925
1453	6492
1457	10248
1460	12978
1464	8745
1468	8024
1472	13362
1476	11600
1480	7492
1484	13193
1488	13613
1492	6636
1496	10476
1500	14898
1503	9504
1507	7625
1511	17449
1515	16291
1519	4919
1523	22730
1527	36698
1531	35182
1535	23614
1539	20638
1542	25137
1546	21073
1550	7979
1554	6271
1558	12762
---
808	14879
812	17257
816	16555
820	14270
824	15080
828	15179
832	13000
835	13458
839	15785
843	15217
847	14143
851	16115
855	16075
859	13701
863	14945
867	16220
871	13418
875	11854
878	15129
882	15658
886	12473
890	13476
894	15756
898	13474
902	12337
906	14623
910	13750
914	11541
917	13954
921	15542
925	12897
929	13553
933	16775
937	14450
941	11745
945	15349
949	15517
953	10696
957	12047
960	16517
964	14251
968	11680
972	16644
976	16205
980	10084
984	13252
988	16368
992	11180
996	10470
1000	18121
1003	16925
1007	9355
1011	13087
1015	10171
1019	9105
1023	30733
1027	36089
1031	11739
1035	43686
1039	107205
1042	151747
1046	153990
1050	111891
1054	47278
1058	11059
1062	35494
1066	28855
1070	6831
1074	19118
1078	23205
1082	11091
1085	13393
1089	20880
1093	14337
1097	7896
1101	16116
1105	16016
1109	8134
1113	10994
1117	15719
1121	11507
1125	9340
1128	14585
1132	12859
1136	7426
1140	11116
1144	13167
1148	9175
1152	8341
1156	12530
1160	11246
1164	8503
1167	12719
1171	13537
1175	8901
1179	8795
1183	12091
1187	10406
1191	7096
1195	10805
1199	12511
1203	8534
1207	8189
1210	11657
1214	9582
1218	4749
1222	8546
1226	12085
1230	10327
1234	4695
1238	1694
1242	4381
1246	12032
1250	21657
1253	26197
1257	22628
1261	14299
1265	10797
1269	13954
1273	14191
1277	11411
1281	11741
1285	13752
1289	12578
1292	10577
1296	11223
1300	11302
1304	9609
1308	9752
1312	11707
1316	11660
1320	10350
1324	11101
1328	11804
1332	10586
1335	10008
1339	10599
1343	10132
1347	9630
1351	10812
1355	11319
1359	10159
1363	10171
1367	10944
1371	9788
1375	8637
1378	9639
1382	9933
1386	8843
1390	9325
1394	10882
1398	10595
1402	9640
1406	10041
1410	10054
1414	9627
1417	10208
1421	10334
1425	9109
1429	8847
1433	10102
1437	10274
1441	10022
1445	10557
1449	9863
1453	8564
1457	9440
1460	10080
1464	8831
1468	9050
1472	10921
1476	10032
1480	8616
1484	11771
1488	13159
1492	10304
1496	9253
1500	11244
1503	9692
1507	7344
1511	11718
1515	12778
1519	7666
1523	14086
1527	23389
1531	22887
1535	12100
1539	4040
1542	14855
1546	16549
1550	8789
1554	5274
1558	11344
---
808	64244
812	74542
816	113849
820	136102
824	150045
828	176800
832	194741
835	163094
839	74355
843	48526
847	110203
851	101946
855	45108
859	48106
863	70874
867	31976
871	60043
875	133784
878	138860
882	80402
886	59618
890	84752
894	67640
898	41274
902	58006
906	98981
910	184633
914	268604
917	277360
921	193285
925	85986
929	69613
933	81526
937	177948
941	300819
945	330211
949	227326
953	111526
957	176187
960	167428
964	82420
968	200726
972	278879
976	193513
980	81710
984	259328
988	313774
992	248483
996	358811
1000	582250
1003	761370
1007	911898
1011	1020941
1015	985224
1019	733693
1023	369586
1027	292406
1031	362737
1035	217220
1039	268105
1042	551961
1046	643467
1050	480083
1054	166762
1058	135288
1062	247406
1066	183467
1070	70440
1074	62700
1078	4025
1082	126745
1085	241044
1089	263438
1093	186900
1097	83155
1101	38814
1105	43881
1109	140489
1113	213729
1117	202146
1121	110000
1125	11488
1128	82191
1132	75034
1136	33519
1140	85430
1144	100649
1148	57549
1152	20793
1156	45259
1160	34118
1164	46158
1167	88023
1171	92429
1175	48039
1179	12878
1183	34859
1187	39254
1191	140837
1195	239104
1199	257169
1203	192899
1207	284563
1210	544372
1214	735916
1218	735777
1222	534511
1226	232623
1230	28360
1234	113467
1238	101012
1242	311564
1246	546007
1250	637340
1253	536780
1257	302028
1261	54356
1265	152208
1269	199528
1273	113707
1277	44895
1281	188522
1285	261282
1289	245508
1292	159933
1296	57350
1300	827
1304	22495
1308	101516
1312	201759
1316	279948
1320	283257
1324	173789
1328	36867
1332	286512
1335	489430
1339	568781
1343	498080
1347	325638
1351	149421
1355	61228
1359	47759
1363	28670
1367	20623
1371	36120
1375	74265
1378	83179
1382	33768
1386	66600
1390	130120
1394	118692
1398	43181
1402	47865
1406	66094
1410	69922
1414	186126
1417	271801
1421	240842
1425	139585
1429	199944
1433	281738
1437	253965
1441	188315
1445	177630
1449	141298
1453	168794
1457	288760
1460	266792
1464	93945
1468	362349
1472	573487
1476	434573
1480	238819
1484	990037
1488	1681096
1492	1939664
1496	1642369
1500	945423
1503	240224
1507	435698
1511	566357
1515	395656
1519	132302
1523	54080
1527	251368
1531	550252
1535	814025
1539	899303
1542	773317
1546	511628
1550	236785
1554	64636
1558	69226
---
808	8067
812	24647
816	31229
820	16020
824	16672
828	35926
832	29960
835	9569
839	31350
843	37458
847	17707
851	18942
855	39852
859	33589
863	9945
867	37253
871	46055
875	22074
878	25323
882	48829
886	38932
890	12438
894	45292
898	56221
902	26936
906	31054
910	62969
914	49556
917	13772
921	58473
925	70819
929	32383
933	41240
937	85132
941	68894
945	18470
949	84338
953	102928
957	46095
960	64814
964	131518
968	108647
972	34159
976	145751
980	187607
984	95752
988	143787
992	301566
996	290789
1000	234483
1003	636359
1007	1118003
1011	1382768
1015	1294476
1019	899713
1023	413472
1027	225406
1031	294076
1035	289864
1039	448818
1042	636606
1046	645468
1050	453979
1054	177939
1058	109779
1062	178279
1066	116581
1070	46885
1074	115255
1078	106899
1082	36101
1085	69608
1089	96204
1093	57554
1097	31621
1101	78331
1105	72780
1109	22576
1113	51641
1117	72230
1121	42323
1125	22858
1128	60514
1132	58654
1136	18939
1140	39395
1144	61407
1148	37967
1152	16862
1156	54588
1160	55118
1164	19555
1167	33661
1171	58887
1175	41660
1179	12015
1183	54372
1187	59914
1191	22303
1195	34655
1199	66246
1203	50008
1207	9360
1210	67313
1214	78883
1218	23587
1222	73204
1226	139479
1230	114794
1234	33243
1238	246408
1242	460035
1246	577173
1250	547788
1253	390476
1257	178110
1261	21464
1265	102043
1269	98154
1273	36200
1277	33429
1281	60187
1285	46008
1289	16074
1292	21507
1296	22962
1300	4994
1304	19346
1308	28553
1312	20266
1316	5034
1320	10537
1324	16245
1328	20410
1332	38724
1335	68626
1339	97144
1343	109171
1347	92540
1351	49428
1355	2437
1359	36661
1363	43184
1367	22649
1371	11260
1375	34838
1378	33172
1382	8499
1386	22702
1390	37117
1394	27925
1398	2046
1402	25594
1406	35024
1410	19358
1414	10912
1417	32215
1421	29425
1425	4487
1429	25606
1433	40364
1437	28071
1441	6102
1445	37291
1449	43097
1453	17464
1457	24741
1460	50448
1464	42850
1468	8218
1472	43261
1476	65040
1480	48562
1484	21413
1488	37493
1492	24405
1496	30775
1500	92758
1503	111741
1507	60360
1511	68884
1515	162150
1519	161665
1523	118976
1527	377417
1531	716308
1535	957833
1539	991849
1542	797311
1546	454085
1550	116693
1554	162036
1558	216747
---
808	25491
812	27172
816	11836
820	9957
824	24017
828	23653
832	8159
835	12329
839	21663
843	14480
847	8269
851	18428
855	23183
859	19677
863	11489
867	15956
871	19271
875	19898
878	24189
882	22318
886	17175
890	17524
894	21455
898	22069
902	16430
906	24766
910	31728
914	20274
917	14562
921	34488
925	40015
929	23549
933	21304
937	45377
941	41683
945	18348
949	42040
953	55053
957	34991
960	30356
964	60719
968	55369
972	32296
976	78524
980	92824
984	49782
988	98161
992	156681
996	108583
1000	177997
1003	480891
1007	747505
1011	823837
1015	655809
1019	344364
1023	217498
1027	287265
1031	175986
1035	311419
1039	706093
1042	953464
1046	919271
1050	631909
1054	243465
1058	79970
1062	201022
1066	142757
1070	2911
1074	108978
1078	114132
1082	35254
1085	55005
1089	91066
1093	57395
1097	10826
1101	58220
1105	50349
1109	3659
1113	53013
1117	61808
1121	24618
1125	26912
1128	54191
1132	39875
1136	11139
1140	44278
1144	47032
1148	15564
1152	31762
1156	48059
1160	30594
1164	19024
1167	44072
1171	46829
1175	28003
1179	36712
1183	58126
1187	56883
1191	39243
1195	58000
1199	101136
1203	97067
1207	24212
1210	183072
1214	375206
1218	486094
1222	450929
1226	308514
1230	284758
1234	397452
1238	386394
1242	194521
1246	98442
1250	336991
1253	413673
1257	304841
1261	92057
1265	99108
1269	164375
1273	99806
1277	24543
1281	105024
1285	90443
1289	21288
1292	115525
1296	154080
1300	102538
1304	6888
1308	73134
1312	73977
1316	20371
1320	78895
1324	102563
1328	63759
1332	146021
1335	278915
1339	345012
1343	311062
1347	198806
1351	63939
1355	43129
1359	79906
1363	61278
1367	30511
1371	48174
1375	61566
1378	47467
1382	31404
1386	47050
1390	47127
1394	24199
1398	36344
1402	57241
1406	46521
1410	16563
1414	46191
1417	60535
1421	34948
1425	26487
1429	58727
1433	53818
1437	14546
1441	43151
1445	65908
1449	41724
1453	15631
1457	59127
1460	55495
1464	14743
1468	60827
1472	72205
1476	8082
1480	139576
1484	288590
1488	369312
1492	335597
1496	203804
1500	43762
1503	63770
1507	76795
1511	58754
1515	128247
1519	148107
1523	83087
1527	223433
1531	471722
1535	657976
1539	701152
1542	583119
1546	352341
1550	102882
1554	95063
1558	162714
---
808	30933
812	49383
816	40104
820	20564
824	41869
828	50345
832	29614
835	32329
839	54558
843	43246
847	20996
851	46762
855	52231
859	26195
863	32486
867	57592
871	45713
875	20816
878	53859
882	59601
886	25772
890	36487
894	63555
898	47889
902	17987
906	59440
910	67681
914	27858
917	45813
921	77914
925	54168
929	18011
933	73097
937	81563
941	29410
945	55290
949	101034
953	70548
957	22519
960	105428
964	115778
968	36039
972	85884
976	161077
980	119833
984	42976
988	206650
992	252438
996	132733
1000	368052
1003	814945
1007	1167509
1011	1276144
1015	1105167
1019	744224
1023	351465
1027	123692
1031	261647
1035	409349
1039	500975
1042	509912
1046	431900
1050	303992
1054	180929
1058	95404
1062	67836
1066	87144
1070	86383
1074	50312
1078	36072
1082	64750
1085	57132
1089	20154
1093	38625
1097	53153
1101	31692
1105	12105
1109	43655
1113	43734
1117	12485
1121	29008
1125	43949
1128	25376
1132	10583
1136	36984
1140	36352
1144	8674
1148	26709
1152	41904
1156	23476
1160	14355
1164	40271
1167	35389
1171	8104
1175	32850
1179	46192
1183	25567
1187	22265
1191	53354
1195	45491
1199	14923
1203	53055
1207	66165
1210	32109
1214	45421
1218	103123
1222	107424
1226	71849
1230	144985
1234	254613
1238	323859
1242	351844
1246	359717
1250	347435
1253	290787
1257	181516
1261	63319
1265	73855
1269	95035
1273	60064
1277	24683
1281	54659
1285	58277
1289	28712
1292	12318
1296	27297
1300	15598
1304	17808
1308	31829
1312	27022
1316	8173
1320	12614
1324	23840
1328	23764
1332	28493
1335	47204
1339	71337
1343	86813
1347	77986
1351	43610
1355	1681
1359	32538
1363	39031
1367	19370
1371	13106
1375	32655
1378	27384
1382	6622
1386	21880
1390	27698
1394	15180
1398	10639
1402	24835
1406	23409
1410	10824
1414	18075
1417	22959
1421	14748
1425	12554
1429	19965
1433	18753
1437	12370
1441	15337
1445	19378
1449	16905
1453	13713
1457	15110
1460	17261
1464	15663
1468	9504
1472	11499
1476	16667
1480	5834
1484	25067
1488	62608
1492	82703
1496	68872
1500	28807
1503	34107
1507	57315
1511	40081
1515	32860
1519	95784
1523	128688
1527	105388
1531	67061
1535	130422
1539	209640
1542	239286
1546	205301
1550	129368
1554	59990
1558	52219
---
808	133966
812	65101
816	91333
820	111038
824	100495
828	130590
832	203346
835	255653
839	261519
843	222650
847	149135
851	52598
855	56760
859	143503
863	184681
867	168554
871	112504
875	57192
878	53546
882	49787
886	8053
890	83042
894	141311
898	139339
902	106496
906	155234
910	227903
914	230298
917	145984
921	52936
925	103332
929	95327
933	18795
937	146829
941	239509
945	233985
949	135654
953	51799
957	106651
960	106006
964	138417
968	235474
972	274774
976	223652
980	184176
984	265275
988	325623
992	326331
996	373447
1000	468948
1003	492261
1007	396183
1011	223883
1015	108060
1019	171633
1023	220605
1027	236866
1031	226948
1035	173909
1039	144689
1042	216429
1046	271375
1050	239583
1054	123880
1058	35070
1062	148566
1066	198741
1070	186472
1074	144514
1078	122191
1082	127773
1085	112227
1089	61947
1093	41671
1097	113400
1101	172025
1105	191314
1109	178887
1113	163331
1117	151229
1121	114355
1125	38572
1128	64402
1132	134442
1136	148264
1140	105233
1144	49286
1148	86197
1152	120403
1156	104033
1160	57208
1164	46129
1167	80104
1171	80826
1175	27213
1179	57450
1183	120330
1187	132941
1191	151886
1195	238421
1199	295397
1203	234976
1207	214139
1210	504601
1214	806401
1218	945216
1222	864350
1226	620089
1230	360910
1234	243641
1238	237988
1242	295219
1246	408237
1250	467960
1253	402330
1257	251738
1261	238450
1265	353249
1269	367505
1273	246667
1277	65151
1281	156050
1285	235162
1289	179314
1292	52327
1296	156148
1300	237097
1304	205729
1308	88346
1312	41763
1316	104558
1320	73586
1324	74846
1328	172756
1332	223341
1335	212304
1339	188400
1343	193744
1347	195745
1351	189893
1355	223420
1359	269561
1363	274149
1367	240135
1371	214789
1375	211520
1378	179248
1382	96160
1386	81297
1390	168633
1394	199795
1398	155722
1402	84932
1406	108348
1410	146791
1414	120116
1417	67097
1421	114988
1425	165006
1429	162974
1433	154159
1437	187621
1441	209209
1445	184850
1449	168420
1453	192961
1457	180281
1460	104745
1464	116755
1468	197786
1472	190536
1476	237990
1480	521490
1484	837172
1488	1029019
1492	1016680
1496	799334
1500	449869
1503	105941
1507	240721
1511	399076
1515	439383
1519	401892
1523	336384
1527	260674
1531	171127
1535	117034
1539	133831
1542	117969
1546	50916
1550	118253
1554	215528
1558	236860
---
808	50815
812	59206
816	46932
820	45285
824	60111
828	54756
832	44236
835	59473
839	61714
843	46274
847	55941
851	65538
855	50410
859	49516
863	65994
867	57889
871	47142
875	66837
878	67813
882	48971
886	65045
890	76993
894	56384
898	56900
902	78091
906	65770
910	52858
914	80165
917	80517
921	56140
925	79337
929	93716
933	65756
937	74892
941	104458
945	83148
949	69661
953	112423
957	107510
960	73370
964	122268
968	140606
972	91566
976	135347
980	189260
984	136805
988	160360
992	276204
996	237209
1000	351901
1003	883977
1007	1392805
1011	1586279
1015	1344916
1019	776623
1023	156063
1027	235577
1031	255023
1035	80252
1039	432627
1042	676502
1046	668879
1050	455945
1054	205551
1058	139351
1062	150232
1066	99798
1070	80823
1074	92593
1078	70363
1082	56168
1085	67368
1089	56823
1093	41657
1097	48954
1101	45248
1105	32451
1109	40470
1113	44851
1117	32223
1121	29979
1125	40428
1128	34621
1132	25224
1136	36214
1140	36544
1144	22642
1148	30122
1152	38058
1156	25479
1160	23955
1164	39921
1167	33070
1171	19158
1175	41874
1179	43964
1183	19217
1187	40855
1191	55668
1195	29079
1199	34596
1203	68366
1207	48959
1210	25334
1214	106117
1218	141233
1222	124673
1226	142414
1230	181831
1234	154868
1238	196635
1242	406822
1246	584958
1250	611822
1253	465327
1257	217742
1261	23579
1265	131201
1269	116653
1273	26939
1277	56489
1281	78710
1285	39548
1289	22361
1292	53197
1296	40192
1300	25497
1304	46343
1308	39992
1312	8259
1316	28036
1320	37711
1324	19521
1328	16491
1332	50084
1335	78394
1339	97718
1343	97167
1347	69637
1351	25169
1355	16905
1359	33845
1363	24237
1367	6264
1371	23596
1375	24249
1378	7659
1382	15797
1386	21753
1390	12038
1394	9832
1398	18548
1402	16054
1406	6401
1410	14705
1414	18388
1417	8769
1421	11826
1425	18929
1429	11792
1433	7834
1437	17815
1441	16778
1445	6561
1449	14763
1453	21601
1457	12298
1460	9833
1464	24281
1468	20063
1472	2956
1476	24747
1480	34772
1484	28063
1488	13481
1492	3366
1496	9982
1500	31796
1503	42757
1507	21654
1511	30272
1515	79152
1519	78439
1523	6827
1527	151376
1531	315785
1535	423508
1539	421384
1542	307761
1546	136821
1550	25002
1554	89764
1558	74759
---
808	50308
812	76244
816	86413
820	82086
824	95263
828	123619
832	126082
835	104904
839	108753
843	122815
847	106599
851	79559
855	80984
859	83016
863	58373
867	40223
871	57272
875	49479
878	26698
882	46979
886	50554
890	28043
894	37026
898	54088
902	43842
906	40192
910	70090
914	78674
917	64500
921	76810
925	99017
929	94639
933	76758
937	77986
941	90477
945	88932
949	71517
953	62616
957	76786
960	82446
964	64612
968	43532
972	41245
976	30537
980	5697
984	40363
988	72660
992	108158
996	154763
1000	181909
1003	175880
1007	205476
1011	282115
1015	301862
1019	209110
1023	37067
1027	144247
1031	215513
1035	176060
1039	243674
1042	431410
1046	529323
1050	463559
1054	273705
1058	130821
1062	209058
1066	235984
1070	184151
1074	155907
1078	171087
1082	156606
1085	112220
1089	80132
1093	69961
1097	50879
1101	25581
1105	15618
1109	24054
1113	43438
1117	54293
1121	58100
1125	69194
1128	85208
1132	96563
1136	105195
1140	119314
1144	129075
1148	126797
1152	125229
1156	123065
1160	107554
1164	85292
1167	65990
1171	44893
1175	21186
1179	29390
1183	51093
1187	77158
1191	116977
1195	146240
1199	155824
1203	176054
1207	211262
1210	226449
1214	217668
1218	228150
1222	262088
1226	260150
1230	228038
1234	277097
1238	380987
1242	420648
1246	360122
1250	242573
1253	156319
1257	130967
1261	91284
1265	30963
1269	42815
1273	50939
1277	26493
1281	30313
1285	37122
1289	9018
1292	36094
1296	61815
1300	49550
1304	38262
1308	72837
1312	88110
1316	68852
1320	46087
1324	61920
1328	71997
1332	53752
1335	19948
1339	9633
1343	20272
1347	19564
1351	18809
1355	17524
1359	10635
1363	16953
1367	38881
1371	53995
1375	52015
1378	47511
1382	66754
1386	83842
1390	78266
1394	63626
1398	68629
1402	76824
1406	62082
1410	41200
1414	55640
1417	63137
1421	52303
1425	65824
1429	89734
1433	91624
1437	79259
1441	80722
1445	91072
1449	84313
1453	60877
1457	46866
1460	56348
1464	70861
1468	77337
1472	73028
1476	77052
1480	101148
1484	115891
1488	100480
1492	80436
1496	97302
1500	104080
1503	73285
1507	71898
1511	119471
1515	129456
1519	98817
1523	143518
1527	245228
1531	295529
1535	255447
1539	143873
1542	51940
1546	116443
1550	141900
1554	103325
1558	43136
---
808	26697
812	5803
816	22784
820	27843
824	7631
828	23235
832	29138
835	8991
839	23643
843	30639
847	11156
851	24731
855	32577
859	12556
863	25564
867	34871
871	14800
875	26824
878	37670
882	17734
886	29048
890	42141
894	22732
898	29543
902	44011
906	25019
910	32546
914	48944
917	29345
921	35513
925	54473
929	34283
933	40148
937	62483
941	41040
945	46385
949	73553
953	49740
957	54955
960	90798
964	64127
968	67318
972	117017
976	86168
980	93365
984	173642
988	135269
992	144572
996	332491
1000	374725
1003	384274
1007	776573
1011	1179599
1015	1214058
1019	789187
1023	135984
1027	390729
1031	423396
1035	125839
1039	752752
1042	1233914
1046	1250591
1050	832860
1054	261347
1058	154720
1062	246447
1066	105788
1070	93026
1074	145601
1078	70422
1082	69932
1085	106002
1089	56712
1093	55382
1097	83636
1101	51302
1105	49215
1109	67562
1113	39357
1117	41479
1121	60094
1125	37596
1128	36188
1132	52944
1136	35286
1140	32258
1144	47410
1148	33457
1152	28915
1156	43361
1160	33526
1164	27282
1167	39953
1171	33210
1175	25266
1179	36876
1183	33910
1187	25914
1191	35451
1195	34597
1199	27164
1203	36626
1207	37929
1210	39566
1214	57474
1218	61323
1222	86940
1226	133845
1230	105549
1234	65890
1238	330524
1242	582519
1246	681799
1250	566928
1253	300352
1257	35286
1261	119005
1265	103170
1269	12338
1273	74778
1277	64265
1281	10680
1285	58859
1289	47031
1292	19447
1296	63557
1300	54035
1304	2224
1308	47921
1312	45146
1316	3015
1320	47121
1324	47065
1328	1317
1332	59920
1335	91332
1339	85269
1343	60059
1347	31613
1351	11839
1355	23123
1359	17911
1363	8266
1367	24580
1371	18746
1375	6942
1378	24373
1382	18260
1386	7543
1390	25294
1394	18540
1398	7271
1402	26035
1406	19522
1410	6536
1414	25036
1417	18414
1421	7154
1425	25241
1429	17827
1433	8015
1437	26323
1441	18484
1445	7863
1449	26157
1453	17686
1457	9532
1460	27034
1464	16638
1468	12351
1472	29257
1476	17472
1480	20050
1484	32655
1488	10517
1492	33568
1496	53307
1500	25463
1503	29306
1507	58098
1511	26145
1515	46518
1519	80219
1523	21895
1527	168421
1531	362347
1535	467170
1539	423038
1542	263529
1546	92009
1550	51763
1554	56358
1558	39201
---
808	8049
812	17099
816	19918
820	9688
824	11541
828	18153
832	11893
835	7405
839	19361
843	18854
847	8204
851	17332
855	20516
859	8800
863	13279
867	21018
871	13488
875	7016
878	19427
882	18184
886	6099
890	20014
894	24594
898	10687
902	14383
906	25123
910	16862
914	6477
917	22208
921	22248
925	6157
929	19777
933	27584
937	13428
941	15548
945	30134
949	21613
953	7993
957	27926
960	29015
964	10187
968	23944
972	34792
976	20053
980	19641
984	34798
988	25407
992	19850
996	15083
1000	52174
1003	170292
1007	293659
1011	344951
1015	271835
1019	96141
1023	109097
1027	186713
1031	80928
1035	201761
1039	530246
1042	760445
1046	782076
1050	588377
1054	278034
1058	11186
1062	150885
1066	141037
1070	39355
1074	63355
1078	94646
1082	51258
1085	24435
1089	66459
1093	53636
1097	8007
1101	41997
1105	48870
1109	19355
1113	22948
1117	42787
1121	29417
1125	8470
1128	33763
1132	33078
1136	8051
1140	22329
1144	32104
1148	17749
1152	8324
1156	26167
1160	23464
1164	2993
1167	20221
1171	26695
1175	12022
1179	11780
1183	24979
1187	19095
1191	7552
1195	20969
1199	25563
1203	17712
1207	17400
1210	26983
1214	28398
1218	29326
1222	34549
1226	44757
1230	65836
1234	80052
1238	91275
1242	141031
1246	209528
1250	243466
1253	212929
1257	124189
1261	16369
1265	59896
1269	73674
1273	33477
1277	22390
1281	51250
1285	39073
1289	4899
1292	33387
1296	38599
1300	16458
1304	21668
1308	34998
1312	22300
1316	12597
1320	28612
1324	24898
1328	9785
1332	20139
1335	21613
1339	4982
1343	19933
1347	30815
1351	20938
1355	11319
1359	24985
1363	22968
1367	9257
1371	18721
1375	23338
1378	13044
1382	13577
1386	23373
1390	18578
1394	10743
1398	20599
1402	20481
1406	10618
1410	17547
1414	22265
1417	14197
1421	12313
1425	20862
1429	17971
1433	10430
1437	18858
1441	20504
1445	11714
1449	17251
1453	23401
1457	15762
1460	11473
1464	21930
1468	20435
1472	10244
1476	20298
1480	25323
1484	13551
1488	16542
1492	29088
1496	21570
1500	15315
1503	34509
1507	33330
1511	11819
1515	41088
1519	55994
1523	20909
1527	76593
1531	186855
1535	264625
1539	270884
1542	203518
1546	96926
1550	1472
1554	47362
1558	41165
---
808	42987
812	18098
816	48971
820	36357
824	23309
828	51651
832	29712
835	29447
839	51122
843	20673
847	37810
851	50662
855	13538
859	44530
863	47225
867	9058
871	49871
875	41210
878	15351
882	54458
886	33337
890	27109
894	59841
898	27449
902	35870
906	60607
910	19069
914	44584
917	59395
921	11414
925	53290
929	57917
933	16212
937	62226
941	56978
945	28140
949	73537
953	62518
957	41414
960	83731
964	73636
968	59090
972	102822
976	100711
980	81119
984	145267
988	167957
992	124809
996	277938
1000	467522
1003	579891
1007	823414
1011	1182088
1015	1284030
1019	926876
1023	275525
1027	287117
1031	407881
1035	160293
1039	405774
1042	624831
1046	521117
1050	240035
1054	37554
1058	94582
1062	112426
1066	78863
1070	49472
1074	106656
1078	71324
1082	44839
1085	105100
1089	54474
1093	57048
1097	104771
1101	38001
1105	74312
1109	105456
1113	23464
1117	82317
1121	95191
1125	3875
1128	95207
1132	85601
1136	23150
1140	107296
1144	74827
1148	44176
1152	114036
1156	57289
1160	69887
1164	119712
1167	36026
1171	97523
1175	119795
1179	24754
1183	138936
1187	123686
1191	55800
1195	179178
1199	104532
1203	148122
1207	256166
1210	149618
1214	617133
1218	1027761
1222	912230
1226	297578
1230	416247
1234	504497
1238	172028
1242	1185259
1246	1866977
1250	1763397
1253	1001257
1257	136944
1261	335037
1265	279418
1269	24776
1273	192633
1277	124377
1281	55237
1285	133312
1289	55951
1292	83298
1296	128673
1300	59984
1304	41448
1308	74936
1312	31989
1316	41958
1320	63064
1324	40253
1328	41950
1332	102209
1335	173987
1339	217713
1343	197809
1347	113919
1351	9055
1355	59142
1359	55720
1363	4888
1367	41434
1371	37596
1375	8380
1378	35805
1382	26828
1386	15928
1390	33803
1394	20232
1398	20349
1402	31037
1406	18036
1410	23557
1414	27009
1417	20236
1421	26174
1425	23503
1429	24670
1433	26429
1437	23298
1441	32595
1445	27220
1449	28168
1453	38963
1457	23738
1460	38094
1464	46476
1468	16455
1472	53463
1476	54570
1480	19990
1484	119480
1488	166998
1492	131997
1496	61963
1500	13719
1503	34975
1507	61826
1511	12832
1515	97117
1519	137491
1523	26714
1527	357646
1531	718948
1535	878720
1539	729853
1542	367463
1546	36735
1550	156221
1554	116882
1558	63250
---
808	29846
812	20022
816	11340
820	27356
824	25662
828	10690
832	22326
835	30748
839	17634
843	16319
847	32158
851	24891
855	14491
859	29707
863	29195
867	15752
871	24927
875	34058
878	23488
882	20778
886	36894
890	30183
894	17008
898	37676
902	40488
906	22178
910	30093
914	46675
917	36930
921	23043
925	48141
929	50132
933	25451
937	45901
941	61389
945	37735
949	37420
953	71945
957	61395
960	24860
964	80549
968	94981
972	32688
976	84444
980	144613
984	90058
988	67741
992	221630
996	226615
1000	137052
1003	547979
1007	1037645
1011	1324046
1015	1261374
1019	894799
1023	462624
1027	305014
1031	323456
1035	446835
1039	753390
1042	971252
1046	927679
1050	641466
1054	270748
1058	93021
1062	171173
1066	133826
1070	83902
1074	92850
1078	78810
1082	73139
1085	76846
1089	53802
1093	55089
1097	72445
1101	52623
1105	30453
1109	57721
1113	53015
1117	22020
1121	51589
1125	58787
1128	21642
1132	38994
1136	61702
1140	35724
1144	21035
1148	59359
1152	51407
1156	2066
1160	52274
1164	64662
1167	23650
1171	41271
1175	75510
1179	51283
1183	21504
1187	74743
1191	74699
1195	23667
1199	71834
1203	102162
1207	63229
1210	84900
1214	164524
1218	197437
1222	242049
1226	308200
1230	254069
1234	21888
1238	485835
1242	972924
1246	1268114
1250	1227197
1253	865214
1257	352868
1261	84481
1265	277356
1269	218739
1273	26414
1277	137280
1281	166334
1285	70062
1289	55599
1292	109407
1296	59387
1300	45532
1304	116635
1308	101788
1312	12878
1316	84942
1320	120725
1324	65087
1328	54787
1332	178320
1335	254099
1339	260567
1343	204682
1347	115219
1351	44492
1355	47577
1359	39828
1363	17422
1367	37912
1371	38597
1375	11238
1378	29505
1382	39515
1386	16277
1390	19913
1394	36594
1398	20668
1402	13666
1406	36228
1410	28419
1414	4702
1417	33492
1421	33998
1425	5987
1429	32892
1433	40771
1437	12503
1441	28702
1445	46105
1449	23060
1453	22883
1457	52111
1460	34879
1464	26537
1468	82271
1472	85988
1476	34474
1480	121638
1484	233819
1488	293644
1492	290302
1496	241368
1500	164025
1503	74378
1507	50118
1511	86310
1515	76539
1519	27823
1523	55889
1527	184730
1531	352785
1535	495403
1539	535256
1542	437763
1546	239787
1550	49489
1554	115663
1558	124501
---
808	36781
812	24603
816	58067
820	51814
824	17218
828	39078
832	52686
835	28265
839	15416
843	38998
847	29180
851	22947
855	46346
859	44197
863	13598
867	27853
871	44769
875	27664
878	21471
882	46158
886	37700
890	8445
894	48011
898	67356
902	50599
906	9067
910	29331
914	38866
917	20670
921	37060
925	61301
929	56130
933	26965
937	47786
941	82360
945	78359
949	34707
953	24400
957	52743
960	33605
964	28541
968	86073
972	100480
976	61552
980	56056
984	95356
988	78503
992	11776
996	66763
1000	102912
1003	158211
1007	282210
1011	384896
1015	393964
1019	336314
1023	294139
1027	216851
1031	100740
1035	461185
1039	890618
1042	1171949
1046	1176415
1050	901949
1054	473065
1058	72860
1062	169798
1066	202725
1070	95547
1074	40682
1078	113237
1082	96338
1085	44231
1089	60309
1093	54317
1097	25518
1101	82926
1105	107333
1109	68028
1113	19034
1117	81770
1121	88662
1125	45102
1128	85833
1132	133313
1136	111892
1140	46604
1144	66827
1148	81090
1152	25287
1156	69108
1160	127717
1164	108407
1167	35358
1171	77695
1175	102372
1179	68368
1183	88533
1187	117773
1191	63668
1195	54176
1199	145664
1203	124764
1207	93566
1210	299456
1214	448698
1218	426252
1222	252521
1226	121350
1230	122805
1234	74753
1238	479592
1242	933337
1246	1212479
1250	1172640
1253	827624
1257	336922
1261	87938
1265	290092
1269	250745
1273	76002
1277	106666
1281	159025
1285	89284
1289	33649
1292	120475
1296	122079
1300	55587
1304	41279
1308	71155
1312	44508
1316	39611
1320	76273
1324	62890
1328	6098
1332	88396
1335	149382
1339	158032
1343	115364
1347	47812
1351	14318
1355	45478
1359	45462
1363	24892
1367	18855
1371	29480
1375	22516
1378	3550
1382	23264
1386	31229
1390	17104
1394	15050
1398	42651
1402	49590
1406	31518
1410	12341
1414	24979
1417	17812
1421	13462
1425	49320
1429	63913
1433	44962
1437	23456
1441	47392
1445	44102
1449	7516
1453	55054
1457	78874
1460	45342
1464	40451
1468	110610
1472	104055
1476	20957
1480	240742
1484	476238
1488	626996
1492	625007
1496	470736
1500	236437
1503	79708
1507	159012
1511	182812
1515	156029
1519	130506
1523	106828
1527	144933
1531	262425
1535	358372
1539	370673
1542	290721
1546	156326
1550	28579
1554	55467
1558	68855
---
808	8052
812	28767
816	28221
820	6800
824	22571
828	31666
832	15526
835	14514
839	32569
843	24631
847	4881
851	29274
855	30853
859	7179
863	22842
867	34583
871	17970
875	14271
878	36052
882	28942
886	2172
890	31822
894	35590
898	10139
902	25540
906	40643
910	23434
914	15535
917	41131
921	34464
925	7661
929	39082
933	45009
937	17376
941	32503
945	51554
949	32101
953	24404
957	55299
960	48277
964	23182
968	57435
972	64546
976	34073
980	60746
984	83397
988	53870
992	75523
996	122599
1000	89697
1003	127148
1007	310342
1011	430106
1015	397753
1019	240990
1023	164810
1027	205487
1031	101434
1035	245145
1039	601661
1042	847255
1046	860482
1050	642792
1054	308827
1058	64121
1062	167482
1066	156708
1070	59501
1074	72115
1078	103252
1082	64898
1085	32314
1089	68281
1093	63192
1097	25849
1101	40005
1105	54433
1109	33829
1113	22224
1117	43827
1121	38474
1125	12946
1128	30082
1132	39701
1136	21692
1140	13983
1144	34901
1148	30212
1152	3915
1156	26257
1160	35003
1164	17408
1167	13630
1171	34749
1175	30753
1179	7186
1183	29983
1187	42850
1191	26510
1195	18605
1199	49209
1203	50547
1207	19494
1210	46827
1214	72357
1218	38790
1222	48943
1226	135899
1230	142408
1234	43849
1238	261457
1242	553811
1246	751896
1250	756102
1253	557754
1257	247342
1261	40935
1265	179522
1269	155755
1273	33379
1277	85540
1281	117524
1285	60306
1289	30808
1292	79215
1296	56313
1300	14010
1304	70944
1308	72078
1312	18825
1316	45445
1320	71042
1324	39992
1328	22948
1332	71007
1335	72331
1339	31998
1343	15191
1347	32697
1351	12226
1355	23895
1359	42118
1363	26085
1367	11343
1371	39610
1375	35860
1378	3539
1382	31233
1386	40061
1390	16388
1394	20409
1398	40262
1402	27583
1406	7190
1410	35858
1414	35596
1417	6938
1421	27529
1425	39498
1429	19888
1433	15354
1437	37502
1441	28847
1445	3885
1449	33633
1453	36864
1457	10544
1460	25001
1464	40495
1468	23292
1472	13706
1476	40869
1480	36329
1484	5157
1488	33479
1492	42068
1496	16711
1500	33440
1503	57915
1507	40421
1511	16753
1515	65639
1519	71790
1523	26204
1527	103827
1531	210433
1535	269706
1539	257014
1542	184380
1546	89149
1550	10870
1554	29592
1558	33658
---
808	26378
812	31379
816	22866
820	25320
824	34604
828	29978
832	19886
835	26749
839	28210
843	14156
847	17960
851	27044
855	19233
859	22139
863	36308
867	34710
871	25190
875	34585
878	40306
882	25758
886	17822
890	30945
894	23886
898	12356
902	32187
906	35787
910	23328
914	34733
917	48779
921	38006
925	22565
929	37306
933	34748
937	10070
941	30204
945	40867
949	24028
953	34348
957	60581
960	54609
964	30720
968	51317
972	60422
976	30540
980	24910
984	51740
988	34591
992	22457
996	70772
1000	70029
1003	7058
1007	81727
1011	130793
1015	97582
1019	3849
1023	104655
1027	122708
1031	13977
1035	201754
1039	425288
1042	551645
1046	522019
1050	358955
1054	148598
1058	50861
1062	105563
1066	77629
1070	12630
1074	52379
1078	61151
1082	35810
1085	14116
1089	22572
1093	29416
1097	30907
1101	22914
1105	4737
1109	18910
1113	28989
1117	21419
1121	9211
1125	8724
1128	10086
1132	22223
1136	26234
1140	15343
1144	13182
1148	27562
1152	26993
1156	10012
1160	9546
1164	13634
1167	6844
1171	23849
1175	28505
1179	17215
1183	31476
1187	48964
1191	40650
1195	20745
1199	42910
1203	48798
1207	17523
1210	28844
1214	49555
1218	19399
1222	49655
1226	108441
1230	96329
1234	28055
1238	221039
1242	421295
1246	534026
1250	507349
1253	355130
1257	146895
1261	29757
1265	112652
1269	97057
1273	30646
1277	37325
1281	52081
1285	28010
1289	30380
1292	49924
1296	36233
1300	3044
1304	39173
1308	48656
1312	28941
1316	3138
1320	26811
1324	30607
1328	18560
1332	16206
1335	20342
1339	12807
1343	16944
1347	24485
1351	17066
1355	3738
1359	21350
1363	29001
1367	20430
1371	1562
1375	14039
1378	17331
1382	13443
1386	12819
1390	8954
1394	2611
1398	16543
1402	24054
1406	18351
1410	6826
1414	19345
1417	24382
1421	15898
1425	2212
1429	7940
1433	10391
1437	11654
1441	15020
1445	11868
1449	7399
1453	19696
1457	24347
1460	16070
1464	8390
1468	15572
1472	15022
1476	5443
1480	7299
1484	9803
1488	6453
1492	17709
1496	24748
1500	21895
1503	21145
1507	25174
1511	21722
1515	17755
1519	22852
1523	21292
1527	45293
1531	96336
1535	137132
1539	142853
1542	108310
1546	49230
1550	6931
1554	35350
1558	29321
---
808	17399
812	19965
816	22614
820	17370
824	16137
828	22851
832	22320
835	18131
839	23876
843	25058
847	18604
851	20981
855	23875
859	17679
863	14818
867	21645
871	21121
875	15761
878	22635
882	25402
886	19010
890	22275
894	25878
898	17992
902	15097
906	24190
910	23363
914	15073
917	23118
921	27721
925	18716
929	21384
933	28093
937	19566
941	15174
945	26281
949	24496
953	13087
957	25161
960	31148
964	18358
968	24328
972	35020
976	22336
980	17724
984	34665
988	28217
992	12944
996	38527
1000	37519
1003	13150
1007	82025
1011	127141
1015	108173
1019	31304
1023	55442
1027	87756
1031	30533
1035	104447
1039	252711
1042	336219
1046	309967
1050	193374
1054	55085
1058	47054
1062	68321
1066	33089
1070	20330
1074	43742
1078	26482
1082	11321
1085	33839
1089	23724
1093	5532
1097	26569
1101	23795
1105	2433
1109	20276
1113	26418
1117	10736
1121	15254
1125	27009
1128	15105
1132	12905
1136	27120
1140	19997
1144	6548
1148	22933
1152	24330
1156	8489
1160	20593
1164	30122
1167	16288
1171	16539
1175	31514
1179	22174
1183	11391
1187	31258
1191	30899
1195	11167
1199	30371
1203	42367
1207	22424
1210	27424
1214	53238
1218	39325
1222	22163
1226	69214
1230	75875
1234	25450
1238	118189
1242	246880
1246	320532
1250	302548
1253	206414
1257	82283
1261	16766
1265	58870
1269	46031
1273	5759
1277	26153
1281	29308
1285	11419
1289	11972
1292	18614
1296	14399
1300	5969
1304	9313
1308	12025
1312	6118
1316	5787
1320	8118
1324	6717
1328	6202
1332	3730
1335	8019
1339	8630
1343	2328
1347	5133
1351	6352
1355	3258
1359	2538
1363	5202
1367	5767
1371	1020
1375	5793
1378	7784
1382	3095
1386	4972
1390	7201
1394	3875
1398	1745
1402	5619
1406	6284
1410	3507
1414	5795
1417	8136
1421	5498
1425	4926
1429	6914
1433	5268
1437	3683
1441	5428
1445	6200
1449	5384
1453	6003
1457	7296
1460	7008
1464	7035
1468	7323
1472	6772
1476	6233
1480	5639
1484	5571
1488	7389
1492	8584
1496	7762
1500	9265
1503	10799
1507	7844
1511	8631
1515	13755
1519	12399
1523	8348
1527	29853
1531	57367
1535	75459
1539	76354
1542	61491
1546	36430
1550	8576
1554	13715
1558	19118
---
808	15952
812	16530
816	15520
820	14643
824	14642
828	13341
832	12012
835	14225
839	17937
843	17690
847	15876
851	17001
855	15749
859	11433
863	10184
867	12087
871	12237
875	10704
878	13514
882	15008
886	11057
890	10013
894	11377
898	9048
902	7817
906	11928
910	14957
914	12010
917	10687
921	14790
925	12518
929	7409
933	9235
937	10095
941	6934
945	5415
949	13241
953	15183
957	11433
960	13342
964	13056
968	5702
972	3657
976	10937
980	13673
984	7789
988	9415
992	15464
996	8552
1000	6033
1003	16370
1007	20462
1011	17535
1015	4745
1019	20202
1023	29446
1027	16993
1031	16670
1035	62606
1039	116575
1042	155921
1046	156864
1050	117016
1054	55674
1058	9313
1062	42545
1066	45387
1070	20252
1074	21134
1078	34519
1082	24166
1085	7053
1089	22777
1093	29649
1097	20116
1101	13396
1105	23923
1109	19937
1113	9276
1117	19762
1121	22716
1125	13809
1128	10021
1132	21350
1136	21803
1140	12103
1144	17289
1148	20159
1152	9380
1156	8792
1160	18219
1164	17158
1167	9537
1171	18234
1175	24658
1179	15715
1183	11417
1187	20674
1191	16059
1195	908
1199	14897
1203	20803
1207	11158
1210	12546
1214	28463
1218	22183
1222	7302
1226	33005
1230	35418
1234	5158
1238	57171
1242	124140
1246	167444
1250	162482
1253	110483
1257	39504
1261	17616
1265	40928
1269	32667
1273	10355
1277	22950
1281	28352
1285	15362
1289	12780
1292	20475
1296	16014
1300	9890
1304	15382
1308	17505
1312	12065
1316	13168
1320	17973
1324	12975
1328	5806
1332	10956
1335	10968
1339	5050
1343	4209
1347	10411
1351	11890
1355	12156
1359	15741
1363	16580
1367	14685
1371	15642
1375	17263
1378	16116
1382	13009
1386	10535
1390	8199
1394	8010
1398	13524
1402	16507
1406	14649
1410	11986
1414	11647
1417	11517
1421	10393
1425	10466
1429	11328
1433	12536
1437	16127
1441	18162
1445	15780
1449	12554
1453	13784
1457	15716
1460	13729
1464	13245
1468	18433
1472	20594
1476	20039
1480	23206
1484	27206
1488	25814
1492	17020
1496	6372
1500	10370
1503	11083
1507	7549
1511	13516
1515	17988
1519	16405
1523	15472
1527	24025
1531	34171
1535	36357
1539	28279
1542	15763
1546	9223
1550	9008
1554	7244
1558	4345
---