
808	12932
812	13218
816	16997
820	14979
824	9974
828	11134
832	12305
835	9947
839	12053
843	17608
847	16062
851	9919
855	13642
859	15020
863	9437
867	9935
871	14261
875	12353
878	7464
882	14042
886	17274
890	10951
894	11303
898	16302
902	12354
906	8857
910	14047
914	13776
917	6877
921	14394
925	20117
929	11608
933	11987
937	22189
941	15458
945	6094
949	23799
953	24135
957	3264
960	50780
964	96328
968	110479
972	81965
976	27789
980	20573
984	34657
988	8956
992	47122
996	99518
1000	119653
1003	96725
1007	47637
1011	7135
1015	24580
1019	27461
1023	25584
1027	29809
1031	26483
1035	9387
1039	12644
1042	20402
1046	11524
1050	7405
1054	16463
1058	14381
1062	4588
1066	10971
1070	16920
1074	11861
1078	7098
1082	14042
1085	12584
1089	6998
1093	10847
1097	11942
1101	7083
1105	7224
1109	12843
1113	11134
1117	5752
1121	12741
1125	14151
1128	6503
1132	8875
1136	14398
1140	10535
1144	6314
1148	17761
1152	20060
1156	7874
1160	37061
1164	74878
1167	95046
1171	86890
1175	54680
1179	14292
1183	17922
1187	20630
1191	6423
1195	47843
1199	78471
1203	81009
1207	56736
1210	22870
1214	17955
1218	26831
1222	19452
1226	12919
1230	19969
1234	17216
1238	8103
1242	12815
1246	15483
1250	11744
1253	12377
1257	16429
1261	14145
1265	10128
1269	14226
1273	14516
1277	9044
1281	9016
1285	11313
1289	8942
1292	7923
1296	12756
1300	14035
1304	10447
1308	9163
1312	8942
1316	5773
1320	7415
1324	9787
1328	7855
1332	5684
1335	9319
1339	10196
1343	7024
1347	10231
1351	12734
1355	8298
1359	5339
1363	9738
1367	9757
1371	5412
1375	7369
1378	11035
1382	7620
1386	5210
1390	9895
1394	7477
1398	327
1402	6241
1406	5952
1410	6775
1414	17660
1417	27292
1421	28315
1425	21348
1429	16983
1433	17029
1437	12970
1441	9349
1445	11518
1449	10585
1453	7622
1457	12100
1460	12349
1464	4368
1468	12177
1472	15547
1476	2599
1480	23445
1484	51247
1488	67744
1492	63611
1496	39700
1500	10423
1503	15972
1507	19155
1511	9584
1515	8628
1519	15040
1523	13309
1527	8541
1531	11851
1535	12768
1539	8578
1542	9616
1546	11578
1550	8949
1554	7707
1558	10285
---
808	28698
812	30264
816	32989
820	30504
824	26602
828	25656
832	23164
835	19818
839	20258
843	23087
847	24234
851	26753
855	30415
859	28575
863	26194
867	27999
871	25313
875	18688
878	18074
882	22888
886	23396
890	22751
894	29945
898	31099
902	22765
906	23023
910	25370
914	18125
917	12151
921	19145
925	23309
929	17891
933	21695
937	29911
941	21941
945	18542
949	29438
953	21483
957	7802
960	43399
964	77322
968	96456
972	89131
976	55960
980	14482
984	22804
988	33416
992	39578
996	62145
1000	84800
1003	93771
1007	83463
1011	56005
1015	40287
1019	48154
1023	38110
1027	13817
1031	24229
1035	30639
1039	21398
1042	15425
1046	26371
1050	29587
1054	23658
1058	27800
1062	30848
1066	23268
1070	22072
1074	25295
1078	20813
1082	16170
1085	21408
1089	25195
1093	22576
1097	25221
1101	28690
1105	23718
1109	22221
1113	24934
1117	20445
1121	14088
1125	16020
1128	18085
1132	17321
1136	24489
1140	27854
1144	20328
1148	24984
1152	29464
1156	18997
1160	44085
1164	86072
1167	111963
1171	103924
1175	60796
1179	23229
1183	47591
1187	42306
1191	3805
1195	43211
1199	73389
1203	77843
1207	58839
1210	30707
1214	27111
1218	35094
1222	30023
1226	23187
1230	24772
1234	24584
1238	19762
1242	16615
1246	20011
1250	24419
1253	25592
1257	25622
1261	25825
1265	24530
1269	22997
1273	21740
1277	19364
1281	18105
1285	20249
1289	22183
1292	20974
1296	21622
1300	25273
1304	24542
1308	20803
1312	19806
1316	18370
1320	15127
1324	15394
1328	19184
1332	20212
1335	19188
1339	21971
1343	23544
1347	20923
1351	19866
1355	19491
1359	16391
1363	15113
1367	19094
1371	22231
1375	21849
1378	23453
1382	25454
1386	22345
1390	20451
1394	23109
1398	23106
1402	21980
1406	30167
1410	45562
1414	54837
1417	53234
1421	48267
1425	43554
1429	33574
1433	23830
1437	23611
1441	22103
1445	16191
1449	15414
1453	20726
1457	21754
1460	18476
1464	23206
1468	26464
1472	17800
1476	18536
1480	33370
1484	38506
1488	30405
1492	13275
1496	19490
1500	32312
1503	26749
1507	14055
1511	21542
1515	22854
1519	14107
1523	14055
1527	19040
1531	16917
1535	11668
1539	17644
1542	21234
1546	16976
1550	18559
1554	21328
1558	16268
---
808	25297
812	20312
816	27278
820	35220
824	31083
828	27716
832	32486
835	28045
839	19430
843	22899
847	27439
851	24155
855	21794
859	29581
863	29359
867	23300
871	28018
875	27709
878	17470
882	16197
886	25381
890	25614
894	17375
898	26864
902	32648
906	20310
910	18524
914	27653
917	22355
921	9040
925	19307
929	30241
933	20358
937	12903
941	31521
945	25968
949	1775
953	21891
957	32492
960	42814
964	56460
968	69650
972	70008
976	48897
980	32387
984	31255
988	12083
992	59048
996	114834
1000	145319
1003	135169
1007	85134
1011	22984
1015	41064
1019	55207
1023	44997
1027	38252
1031	39447
1035	34333
1039	28155
1042	34433
1046	38433
1050	31882
1054	28285
1058	31608
1062	29967
1066	24938
1070	24543
1074	28061
1078	29274
1082	28656
1085	30949
1089	32170
1093	27649
1097	23878
1101	26185
1105	26722
1109	22092
1113	21772
1117	30538
1121	32231
1125	27048
1128	33216
1132	38015
1136	28201
1140	21450
1144	38423
1148	47115
1152	32685
1156	45552
1160	96343
1164	129389
1167	132060
1171	110399
1175	71285
1179	27227
1183	9049
1187	16776
1191	31847
1195	54218
1199	78222
1203	92695
1207	79045
1210	38769
1214	12556
1218	33137
1222	32126
1226	15220
1230	19196
1234	33813
1238	28362
1242	15786
1246	26046
1250	27314
1253	15568
1257	15144
1261	24561
1265	24039
1269	16549
1273	23107
1277	28002
1281	20102
1285	17333
1289	22618
1292	19043
1296	10855
1300	17145
1304	24991
1308	20899
1312	14279
1316	20813
1320	20158
1324	13029
1328	16521
1332	19367
1335	14231
1339	11162
1343	20772
1347	22924
1351	16430
1355	21709
1359	25277
1363	15055
1367	11282
1371	22071
1375	21752
1378	8030
1382	18892
1386	30910
1390	19406
1394	20398
1398	42972
1402	35362
1406	20124
1410	84150
1414	147205
1417	175146
1421	149497
1425	81047
1429	18795
1433	47508
1437	49938
1441	26119
1445	23152
1449	37997
1453	32835
1457	21651
1460	30213
1464	30686
1468	21704
1472	22297
1476	20656
1480	17384
1484	37033
1488	55704
1492	52868
1496	26801
1500	16382
1503	33255
1507	28949
1511	13900
1515	18959
1519	26269
1523	22571
1527	19468
1531	23978
1535	19427
1539	11680
1542	19198
1546	19772
1550	12092
1554	14311
1558	21559
---
808	20781
812	19034
816	17400
820	15445
824	15465
828	17448
832	16217
835	10650
839	8446
843	6305
847	4605
851	11418
855	12304
859	8715
863	9507
867	15087
871	19847
875	23267
878	27988
882	29749
886	26702
890	26352
894	28683
898	27907
902	26243
906	28797
910	31247
914	28467
917	28228
921	30679
925	24801
929	16763
933	20650
937	22800
941	18014
945	23524
949	34084
953	27007
957	29191
960	70074
964	100151
968	101807
972	77671
976	41199
980	23170
984	41128
988	46131
992	27431
996	10303
1000	49398
1003	71721
1007	67060
1011	43850
1015	46915
1019	75708
1023	80928
1027	53910
1031	25911
1035	37420
1039	37363
1042	20592
1046	19066
1050	28693
1054	23865
1058	20627
1062	33041
1066	32796
1070	24396
1074	31108
1078	34691
1082	27261
1085	27407
1089	37169
1093	37121
1097	32024
1101	40533
1105	44546
1109	35015
1113	33758
1117	41335
1121	37492
1125	28872
1128	38476
1132	45589
1136	34058
1140	31160
1144	43774
1148	36910
1152	18559
1156	46712
1160	87471
1164	116478
1167	127089
1171	121240
1175	94474
1179	47711
1183	35709
1187	54118
1191	34741
1195	15141
1199	67782
1203	97916
1207	92330
1210	59449
1214	40372
1218	49234
1222	42923
1226	28199
1230	29252
1234	30689
1238	22942
1242	21515
1246	28098
1250	26608
1253	24420
1257	29301
1261	28664
1265	23206
1269	24253
1273	27995
1277	27614
1281	27070
1285	31343
1289	35319
1292	35634
1296	35026
1300	35352
1304	35193
1308	32823
1312	28686
1316	26980
1320	29367
1324	29182
1328	24531
1332	22345
1335	21668
1339	17031
1343	13290
1347	13594
1351	11319
1355	9099
1359	15098
1363	16820
1367	16235
1371	24689
1375	26637
1378	18467
1382	23335
1386	30633
1390	21487
1394	22528
1398	48981
1402	50550
1406	31837
1410	104671
1414	192609
1417	237792
1421	218107
1425	144629
1429	59354
1433	51925
1437	65437
1441	39803
1445	19532
1449	34715
1453	27713
1457	11271
1460	21630
1464	23330
1468	16317
1472	25846
1476	29498
1480	35769
1484	64101
1488	81130
1492	68515
1496	34464
1500	22387
1503	38664
1507	32304
1511	22321
1515	39143
1519	42106
1523	28612
1527	28285
1531	33705
1535	24637
1539	17197
1542	29877
1546	30377
1550	17449
1554	25712
1558	32991
---
808	28447
812	29117
816	32326
820	33400
824	31568
828	30163
832	29226
835	28058
839	28751
843	30291
847	29961
851	28475
855	28084
859	28433
863	29168
867	30714
871	30676
875	28069
878	25823
882	25307
886	25631
890	27413
894	29003
898	26540
902	23326
906	26928
910	30010
914	26791
917	23566
921	25052
925	25858
929	25614
933	27786
937	28656
941	27036
945	29393
949	30627
953	25076
957	27383
960	39323
964	41788
968	28712
972	14992
976	25781
980	27496
984	19705
988	26831
992	30041
996	15713
1000	11730
1003	29872
1007	31207
1011	20343
1015	37057
1019	57386
1023	54441
1027	30766
1031	14798
1035	23603
1039	21717
1042	17153
1046	23448
1050	25552
1054	21109
1058	23048
1062	25241
1066	20513
1070	20535
1074	24189
1078	21315
1082	18397
1085	22666
1089	23104
1093	18245
1097	21386
1101	24933
1105	20177
1109	18454
1113	21028
1117	16413
1121	13723
1125	21599
1128	21557
1132	12847
1136	20562
1140	25043
1144	12464
1148	20089
1152	30398
1156	12223
1160	35556
1164	89873
1167	124225
1171	117354
1175	71275
1179	28306
1183	49141
1187	50034
1191	32831
1195	52011
1199	73008
1203	66114
1207	37422
1210	23251
1214	33512
1218	30001
1222	23693
1226	26797
1230	25857
1234	23050
1238	26405
1242	27140
1246	22508
1250	23476
1253	27288
1257	25103
1261	22770
1265	23729
1269	21914
1273	20461
1277	23561
1281	24213
1285	21501
1289	23775
1292	26851
1296	24060
1300	23464
1304	28037
1308	27629
1312	21880
1316	19692
1320	21917
1324	22590
1328	23904
1332	25720
1335	24326
1339	23325
1343	24698
1347	23421
1351	21590
1355	24016
1359	24750
1363	21621
1367	24611
1371	30039
1375	27893
1378	25794
1382	30486
1386	29834
1390	25541
1394	34048
1398	41545
1402	32611
1406	37655
1410	76814
1414	107543
1417	112840
1421	94546
1425	63110
1429	30036
1433	7021
1437	14078
1441	19263
1445	14845
1449	8115
1453	16359
1457	19316
1460	14484
1464	14242
1468	17364
1472	16377
1476	15331
1480	15671
1484	10260
1488	6902
1492	18147
1496	20179
1500	12184
1503	15169
1507	23595
1511	21757
1515	13056
1519	18027
1523	27871
1527	28567
1531	22197
1535	15670
1539	10428
1542	9754
1546	14559
1550	15696
1554	12624
1558	13365
---
808	22005
812	21436
816	21235
820	20160
824	18373
828	17929
832	18883
835	19319
839	19527
843	21309
847	23332
851	22818
855	19574
859	16675
863	17269
867	19311
871	19758
875	19354
878	20444
882	21178
886	19720
890	19529
894	20843
898	19410
902	17058
906	18522
910	20270
914	19034
917	20043
921	24539
925	25140
929	22929
933	23972
937	24365
941	23176
945	26856
949	29608
953	24958
957	33658
960	58750
964	71288
968	59874
972	39070
976	38307
980	38474
984	15739
988	28584
992	75501
996	103833
1000	100445
1003	72268
1007	41025
1011	23803
1015	20573
1019	26764
1023	32150
1027	28394
1031	14289
1035	4581
1039	13189
1042	8498
1046	3771
1050	11510
1054	8708
1058	3609
1062	10443
1066	11935
1070	6578
1074	6588
1078	12715
1082	10909
1085	6940
1089	11487
1093	11059
1097	7029
1101	10910
1105	13471
1109	9819
1113	7813
1117	13612
1121	13335
1125	8321
1128	13661
1132	16401
1136	10596
1140	10122
1144	17903
1148	17996
1152	9428
1156	20987
1160	40263
1164	50389
1167	50749
1171	45994
1175	36851
1179	22676
1183	9458
1187	15918
1191	27527
1195	34661
1199	34085
1203	25170
1207	13287
1210	9519
1214	9162
1218	4111
1222	3801
1226	7196
1230	6635
1234	4141
1238	7042
1242	10268
1246	9799
1250	9210
1253	10447
1257	9564
1261	6872
1265	6033
1269	6692
1273	6950
1277	8031
1281	10007
1285	11169
1289	11735
1292	12061
1296	11055
1300	8842
1304	6936
1308	5752
1312	5037
1316	6236
1320	8549
1324	9602
1328	9734
1332	10412
1335	10579
1339	9097
1343	7132
1347	6750
1351	7791
1355	8585
1359	8785
1363	9456
1367	10575
1371	10671
1375	9769
1378	9212
1382	8881
1386	8068
1390	7686
1394	8517
1398	9083
1402	9739
1406	12482
1410	14337
1414	12357
1417	8426
1421	6782
1425	6518
1429	5256
1433	3625
1437	3938
1441	5263
1445	6223
1449	7748
1453	8681
1457	7813
1460	6231
1464	5877
1468	6737
1472	6642
1476	3167
1480	6041
1484	18071
1488	28041
1492	29964
1496	22604
1500	11829
1503	10023
1507	12863
1511	11245
1515	8746
1519	10506
1523	10714
1527	7453
1531	7581
1535	9614
1539	8419
1542	7090
1546	8691
1550	9743
1554	9063
1558	8762
---
808	34539
812	22291
816	20101
820	18152
824	13326
828	35645
832	54806
835	48558
839	24803
843	28666
847	37313
851	29595
855	19055
859	15975
863	7719
867	17001
871	38293
875	39819
878	17950
882	13709
886	26429
890	18256
894	3386
898	25726
902	34936
906	22308
910	11409
914	28039
917	26009
921	17157
925	20242
929	17006
933	21695
937	45532
941	60519
945	49954
949	34838
953	53818
957	56358
960	28595
964	24694
968	49155
972	48053
976	32461
980	54611
984	75076
988	77356
992	108865
996	149695
1000	150215
1003	105394
1007	57720
1011	83223
1015	108176
1019	86939
1023	40860
1027	32510
1031	31081
1035	2918
1039	31438
1042	50748
1046	48910
1050	44349
1054	63299
1058	75198
1062	60767
1066	36659
1070	33796
1074	40735
1078	43743
1082	42611
1085	34119
1089	22826
1093	29446
1097	37985
1101	36827
1105	34982
1109	32658
1113	35364
1117	54112
1121	73584
1125	77138
1128	58750
1132	34881
1136	29514
1140	26816
1144	46329
1148	76189
1152	94676
1156	107878
1160	130262
1164	159129
1167	171949
1171	158408
1175	139415
1179	133323
1183	126234
1187	110911
1191	97799
1195	98067
1199	115296
1203	137807
1207	141340
1210	114268
1214	81270
1218	73110
1222	60324
1226	26135
1230	28326
1234	60022
1238	69875
1242	68436
1246	84774
1250	96287
1253	78478
1257	51564
1261	46097
1265	40731
1269	22612
1273	20135
1277	36010
1281	32874
1285	11669
1289	6882
1292	845
1296	25669
1300	53468
1304	67766
1308	69103
1312	71226
1316	82037
1320	82861
1324	61401
1328	33682
1332	23406
1335	26246
1339	40344
1343	53198
1347	53496
1351	44939
1355	47279
1359	52514
1363	38613
1367	12579
1371	3194
1375	3511
1378	22349
1382	39226
1386	45803
1390	60270
1394	102124
1398	141638
1402	162840
1406	190289
1410	230978
1414	256318
1417	256366
1421	243572
1425	230948
1429	214022
1433	175309
1437	118456
1441	71638
1445	42746
1449	30917
1453	54957
1457	75639
1460	79402
1464	73625
1468	74350
1472	84281
1476	94808
1480	99037
1484	96834
1488	102078
1492	117572
1496	125844
1500	113147
1503	81892
1507	53816
1511	33451
1515	9566
1519	51948
1523	83695
1527	94895
1531	99213
1535	104788
1539	102894
1542	81005
1546	44716
1550	21292
1554	7509
1558	20908
---
808	11488
812	15367
816	13558
820	14335
824	18393
828	15625
832	10979
835	13096
839	13181
843	9650
847	9520
851	13546
855	13400
859	12639
863	16185
867	14870
871	10687
875	12835
878	13190
882	8630
886	8963
890	16303
894	16786
898	11670
902	16166
906	17447
910	8883
914	9754
917	15571
921	12723
925	5911
929	15530
933	20099
937	10435
941	16016
945	27120
949	18945
953	8154
957	38584
960	66172
964	81529
968	79900
972	66649
976	52244
980	37702
984	11691
988	35450
992	94544
996	145898
1000	170285
1003	157897
1007	110880
1011	48722
1015	21279
1019	33181
1023	32773
1027	40531
1031	42982
1035	29489
1039	8055
1042	21327
1046	30570
1050	17812
1054	7247
1058	23464
1062	19020
1066	1551
1070	13768
1074	16645
1078	8029
1082	8653
1085	18112
1089	12632
1093	7079
1097	20163
1101	16717
1105	1999
1109	16947
1113	21690
1117	14361
1121	11608
1125	25542
1128	25449
1132	13572
1136	27687
1140	33083
1144	24531
1148	34223
1152	41169
1156	31024
1160	47233
1164	90849
1167	116000
1171	98557
1175	51576
1179	53928
1183	73973
1187	48558
1191	28214
1195	100467
1199	148585
1203	143630
1207	90235
1210	23449
1214	27495
1218	35528
1222	18032
1226	12833
1230	25503
1234	20009
1238	4921
1242	19770
1246	19855
1250	3683
1253	13380
1257	18045
1261	9854
1265	3323
1269	12988
1273	13351
1277	4960
1281	10741
1285	14188
1289	8068
1292	9684
1296	12674
1300	7180
1304	6214
1308	14534
1312	15746
1316	7176
1320	9885
1324	17433
1328	12655
1332	5357
1335	13310
1339	14289
1343	7377
1347	5503
1351	13176
1355	13607
1359	9178
1363	11615
1367	12605
1371	8904
1375	9957
1378	11816
1382	9309
1386	6895
1390	9205
1394	8085
1398	8164
1402	16662
1406	18973
1410	11112
1414	3217
1417	15235
1421	25267
1425	34071
1429	39134
1433	34023
1437	17501
1441	12082
1445	23841
1449	22179
1453	10255
1457	16224
1460	26786
1464	23189
1468	11593
1472	28935
1476	45612
1480	48566
1484	45714
1488	49918
1492	57760
1496	57632
1500	45382
1503	26189
1507	9805
1511	6377
1515	8783
1519	8695
1523	5836
1527	2963
1531	6128
1535	6969
1539	4010
1542	552
1546	2279
1550	5157
1554	5605
1558	2261
---
808	29197
812	30094
816	38314
820	33893
824	25928
828	31030
832	31831
835	25226
839	30209
843	38235
847	33366
851	32704
855	44264
859	41958
863	31056
867	39198
871	46499
875	38719
878	37234
882	49879
886	47981
890	37547
894	48424
898	54037
902	44515
906	50621
910	62521
914	55788
917	54921
921	76289
925	78014
929	64447
933	83800
937	96370
941	79131
945	102701
949	142820
953	125740
957	170140
960	367558
964	542063
968	577547
972	448356
976	225926
980	72523
984	108351
988	118970
992	273263
996	456181
1000	522044
1003	427026
1007	223140
1011	14046
1015	140012
1019	199003
1023	196788
1027	162512
1031	103021
1035	46572
1039	64973
1042	71961
1046	39333
1050	29214
1054	51237
1058	37202
1062	19294
1066	49384
1070	45459
1074	11361
1078	40584
1082	49661
1085	19997
1089	26560
1093	52784
1097	37488
1101	15697
1105	60205
1109	61329
1113	13652
1117	53935
1121	79018
1125	42913
1128	33796
1132	92426
1136	81474
1140	10550
1144	129031
1148	178245
1152	89815
1156	165567
1160	452930
1164	676858
1167	737555
1171	613331
1175	376500
1179	181482
1183	177589
1187	185674
1191	126390
1195	64000
1199	105838
1203	165567
1207	194501
1210	171536
1214	92542
1218	15420
1222	82139
1226	87991
1230	39009
1234	29113
1238	66886
1242	57459
1246	16293
1250	41292
1253	52765
1257	25594
1261	24419
1265	47813
1269	39522
1273	13640
1277	34080
1281	45229
1285	29535
1289	24532
1292	41929
1296	45343
1300	49062
1304	59032
1308	55350
1312	31733
1316	19362
1320	35512
1324	28012
1328	2474
1332	27935
1335	31838
1339	12881
1343	12740
1347	27092
1351	20970
1355	4304
1359	26424
1363	31628
1367	15075
1371	18469
1375	30854
1378	20791
1382	11777
1386	33699
1390	38066
1394	17784
1398	20141
1402	35027
1406	777
1410	95445
1414	233124
1417	368693
1421	453207
1425	451852
1429	359022
1433	205714
1437	55364
1441	65590
1445	83671
1449	38731
1453	37881
1457	80050
1460	71439
1464	27544
1468	65338
1472	94831
1476	65022
1480	71746
1484	183113
1488	277327
1492	310318
1496	270431
1500	176356
1503	68372
1507	15001
1511	47760
1515	41243
1519	17177
1523	7786
1527	12771
1531	10334
1535	18976
1539	22336
1542	11764
1546	6940
1550	16591
1554	15216
1558	9183
---
808	30469
812	32288
816	15421
820	26190
824	38690
828	27376
832	13756
835	20770
839	21693
843	18324
847	20884
851	23729
855	22193
859	31291
863	33850
867	16698
871	15927
875	32410
878	33401
882	17119
886	15398
890	41603
894	42213
898	18046
902	22185
906	33777
910	27313
914	18687
917	18114
921	18031
925	29635
929	42979
933	30947
937	16856
941	55775
945	66624
949	36605
953	25142
957	91042
960	140633
964	164528
968	182068
972	196896
976	176009
980	102098
984	32498
988	142674
992	231393
996	257350
1000	219095
1003	146127
1007	77701
1011	53691
1015	72832
1019	83889
1023	68640
1027	34437
1031	7790
1035	14843
1039	30111
1042	35144
1046	22713
1050	32486
1054	45390
1058	43069
1062	36305
1066	29631
1070	40559
1074	45751
1078	26073
1082	16258
1085	28735
1089	24608
1093	15611
1097	10356
1101	10442
1105	33196
1109	56718
1113	53274
1117	35973
1121	65591
1125	85897
1128	79570
1132	75980
1136	96692
1140	119282
1144	105072
1148	78416
1152	123361
1156	157259
1160	132743
1164	68524
1167	30890
1171	76318
1175	81348
1179	66009
1183	103405
1187	123248
1191	85512
1195	7899
1199	80398
1203	142563
1207	147125
1210	92414
1214	16565
1218	37178
1222	52647
1226	35037
1230	17040
1234	47276
1238	48415
1242	23951
1246	37283
1250	48179
1253	38066
1257	23614
1261	30637
1265	43526
1269	32844
1273	3812
1277	18063
1281	18008
1285	10216
1289	15106
1292	13171
1296	5616
1300	37771
1304	61270
1308	55322
1312	29713
1316	29025
1320	36252
1324	32991
1328	24424
1332	26017
1335	33745
1339	22597
1343	13384
1347	20890
1351	8945
1355	10449
1359	17914
1363	13390
1367	14708
1371	34891
1375	47000
1378	37067
1382	44284
1386	63683
1390	59543
1394	60016
1398	76294
1402	79278
1406	61735
1410	51372
1414	90377
1417	111170
1421	89432
1425	78185
1429	95772
1433	91393
1437	71110
1441	75046
1445	98562
1449	92034
1453	58328
1457	76659
1460	93137
1464	65082
1468	56690
1472	85580
1476	75411
1480	27087
1484	124367
1488	227036
1492	258160
1496	203832
1500	102908
1503	33601
1507	70341
1511	70518
1515	34237
1519	43283
1523	55629
1527	36423
1531	30770
1535	39390
1539	35185
1542	26642
1546	31438
1550	39994
1554	29917
1558	25302
---
808	13529
812	11353
816	12723
820	14055
824	14231
828	17322
832	19545
835	16382
839	15484
843	17430
847	15048
851	11776
855	13362
859	16489
863	14454
867	12734
871	18864
875	19502
878	15010
882	15063
886	15580
890	13046
894	10516
898	14535
902	17294
906	14455
910	17522
914	20033
917	13336
921	6935
925	12089
929	16090
933	12643
937	11640
941	22534
945	21426
949	6244
953	15363
957	31646
960	51284
964	71144
968	83277
972	88968
976	85421
980	60956
984	21514
988	58531
992	112602
996	152122
1000	169171
1003	154226
1007	108438
1011	52601
1015	26282
1019	44112
1023	50543
1027	33698
1031	3466
1035	20615
1039	23142
1042	10738
1046	4877
1050	14963
1054	16811
1058	6266
1062	12712
1066	19550
1070	10658
1074	6750
1078	14446
1082	12739
1085	5708
1089	6626
1093	14987
1097	11890
1101	6139
1105	15255
1109	12267
1113	2172
1117	11539
1121	14186
1125	10479
1128	516
1132	13329
1136	15126
1140	1689
1144	16041
1148	18985
1152	3199
1156	21269
1160	42397
1164	54422
1167	52328
1171	37556
1175	23866
1179	20517
1183	25993
1187	31738
1191	28142
1195	33017
1199	56178
1203	76559
1207	78693
1210	56252
1214	23391
1218	25883
1222	32493
1226	21924
1230	12926
1234	20296
1238	21863
1242	14897
1246	17689
1250	22613
1253	17241
1257	14328
1261	17999
1265	15667
1269	10421
1273	13449
1277	17899
1281	15706
1285	15693
1289	20108
1292	17089
1296	11273
1300	13807
1304	15153
1308	10802
1312	6773
1316	13869
1320	15912
1324	11691
1328	13384
1332	14387
1335	9265
1339	8006
1343	11702
1347	12114
1351	9689
1355	12834
1359	15745
1363	12002
1367	10503
1371	12461
1375	9292
1378	6347
1382	10459
1386	13250
1390	9896
1394	8354
1398	14306
1402	13234
1406	7601
1410	11054
1414	15859
1417	19543
1421	23853
1425	25034
1429	17632
1433	6923
1437	11748
1441	9623
1445	3603
1449	10413
1453	9942
1457	9354
1460	9713
1464	12727
1468	15371
1472	15332
1476	22417
1480	23207
1484	40909
1488	81963
1492	111019
1496	110826
1500	82446
1503	37022
1507	14426
1511	37186
1515	31971
1519	10687
1523	18992
1527	23954
1531	14522
1535	8298
1539	19147
1542	19964
1546	11198
1550	15882
1554	19411
1558	10946
---
808	5358
812	14399
816	18253
820	11501
824	7450
828	21903
832	22591
835	9093
839	16128
843	20095
847	9098
851	6144
855	16179
859	15850
863	2151
867	17002
871	23437
875	8676
878	15644
882	27106
886	18320
890	3969
894	19416
898	25316
902	13581
906	15659
910	31522
914	21376
917	12628
921	33364
925	28799
929	15519
933	37084
937	46057
941	24488
945	44378
949	84768
953	60821
957	54328
960	219143
964	369472
968	438332
972	394068
976	258586
980	116845
984	102763
988	123235
992	153486
996	242014
1000	315906
1003	312511
1007	224902
1011	103193
1015	69405
1019	111671
1023	114161
1027	77693
1031	24462
1035	28347
1039	43098
1042	33982
1046	15343
1050	21341
1054	35168
1058	25500
1062	7084
1066	27165
1070	28814
1074	14144
1078	12421
1082	26010
1085	24765
1089	4695
1093	20222
1097	29173
1101	15795
1105	7651
1109	23474
1113	24324
1117	10936
1121	13798
1125	28635
1128	25163
1132	9721
1136	21229
1140	30583
1144	26768
1148	15985
1152	21958
1156	49937
1160	84570
1164	115670
1167	135881
1171	142610
1175	130114
1179	92104
1183	32777
1187	45213
1191	122575
1195	187989
1199	219502
1203	207438
1207	160792
1210	97602
1214	35994
1218	22577
1222	42186
1226	36467
1230	14762
1234	14577
1238	26647
1242	24701
1246	10348
1250	14603
1253	26223
1257	20718
1261	7055
1265	18484
1269	23230
1273	14831
1277	4608
1281	19838
1285	23847
1289	10460
1292	14760
1296	32785
1300	38651
1304	35413
1308	27667
1312	18712
1316	13361
1320	12877
1324	11695
1328	5511
1332	9193
1335	14268
1339	9824
1343	1776
1347	9371
1351	12776
1355	7769
1359	5040
1363	15296
1367	13731
1371	1184
1375	11438
1378	15366
1382	10990
1386	1313
1390	11634
1394	17575
1398	11000
1402	5307
1406	22725
1410	42086
1414	53321
1417	46609
1421	43985
1425	68754
1429	86086
1433	76668
1437	42597
1441	24191
1445	46962
1449	41344
1453	17567
1457	42443
1460	53022
1464	28332
1468	34140
1472	74721
1476	72929
1480	46017
1484	131487
1488	232752
1492	281413
1496	255605
1500	168972
1503	61554
1507	29609
1511	58449
1515	40987
1519	10023
1523	25771
1527	27750
1531	12899
1535	14883
1539	23916
1542	17968
1546	10888
1550	17376
1554	16412
1558	11840
---
808	3404
812	11079
816	19685
820	16369
824	6125
828	22530
832	23911
835	7876
839	18506
843	23350
847	11364
851	7205
855	21165
859	21033
863	6616
867	25818
871	32972
875	14191
878	17734
882	30956
886	19559
890	8391
894	33143
898	38045
902	14310
906	30222
910	50552
914	30319
917	23188
921	56786
925	49750
929	10703
933	60028
937	82847
941	39119
945	66779
949	141483
953	111756
957	73385
960	323973
964	559620
968	660645
972	566381
976	313122
980	32013
984	151838
988	139300
992	32609
996	257132
1000	415877
1003	434224
1007	322253
1011	178762
1015	137931
1019	141910
1023	114096
1027	95895
1031	92507
1035	61804
1039	3139
1042	51143
1046	60304
1050	23594
1054	25862
1058	47860
1062	33289
1066	1390
1070	31318
1074	38108
1078	16077
1082	19754
1085	39124
1089	27308
1093	5079
1097	27523
1101	29887
1105	16191
1109	12553
1113	28562
1117	28472
1121	12221
1125	20560
1128	29388
1132	30940
1136	25571
1140	9961
1144	49428
1148	71206
1152	38760
1156	64031
1160	209233
1164	352088
1167	426173
1171	387840
1175	254154
1179	126324
1183	155083
1187	186575
1191	148702
1195	124773
1199	170941
1203	185404
1207	139781
1210	76706
1214	52310
1218	45509
1222	27504
1226	38756
1230	48968
1234	24679
1238	20560
1242	48354
1246	36682
1250	3237
1253	39134
1257	46354
1261	21989
1265	18653
1269	46309
1273	39886
1277	9447
1281	41251
1285	52322
1289	28200
1292	22562
1296	57220
1300	71281
1304	64366
1308	50306
1312	33610
1316	13836
1320	26720
1324	32320
1328	13397
1332	17035
1335	38248
1339	35189
1343	9698
1347	32511
1351	47552
1355	28207
1359	20562
1363	46871
1367	41868
1371	15244
1375	39663
1378	54980
1382	33507
1386	34422
1390	69441
1394	60573
1398	33738
1402	90548
1406	124048
1410	92051
1414	96245
1417	235713
1421	355679
1425	385992
1429	315527
1433	182017
1437	65635
1441	91445
1445	97811
1449	42080
1453	49929
1457	91552
1460	70347
1464	14939
1468	97893
1472	127064
1476	48705
1480	129085
1484	339385
1488	495914
1492	534293
1496	439861
1500	256020
1503	65245
1507	59296
1511	88654
1515	50712
1519	10511
1523	44197
1527	41680
1531	13817
1535	24786
1539	29865
1542	12925
1546	14418
1550	20442
1554	13886
1558	11288
---
808	23400
812	9569
816	18237
820	27976
824	20667
828	12481
832	27637
835	26878
839	9072
843	17334
847	26552
851	18633
855	4323
859	25402
863	30643
867	12565
871	17271
875	33141
878	26207
882	3464
886	21643
890	33605
894	21398
898	10656
902	38939
906	40186
910	13097
914	27603
917	52160
921	44874
925	2560
929	56333
933	84525
937	51814
941	32305
945	117719
949	139992
953	51142
957	156351
960	420235
964	641781
968	729071
972	649216
976	439573
980	184124
984	63894
988	176589
992	209692
996	196140
1000	186420
1003	196908
1007	205955
1011	184869
1015	122077
1019	45457
1023	76282
1027	106740
1031	80016
1035	39342
1039	63381
1042	71453
1046	44104
1050	38241
1054	62347
1058	56641
1062	34646
1066	49363
1070	58001
1074	39803
1078	33344
1082	50164
1085	47952
1089	33701
1093	44533
1097	54131
1101	42415
1105	35931
1109	47695
1113	47327
1117	39068
1121	45787
1125	54193
1128	52897
1132	55893
1136	62389
1140	62146
1144	70169
1148	85113
1152	85425
1156	105232
1160	190301
1164	284275
1167	325987
1171	287647
1175	182412
1179	54273
1183	46524
1187	81834
1191	72800
1195	112225
1199	175169
1203	197714
1207	170119
1210	118708
1214	82854
1218	70322
1222	59612
1226	55002
1230	53980
1234	45178
1238	41694
1242	47956
1246	44451
1250	35285
1253	41708
1257	44782
1261	31889
1265	29051
1269	38363
1273	31789
1277	20797
1281	33499
1285	36522
1289	19046
1292	23333
1296	35241
1300	30637
1304	55777
1308	88914
1312	92104
1316	60398
1320	29014
1324	50379
1328	53337
1332	30916
1335	38850
1339	51168
1343	35005
1347	27025
1351	46378
1355	41519
1359	21377
1363	43831
1367	52856
1371	28538
1375	36482
1378	60318
1382	43708
1386	19620
1390	60548
1394	63826
1398	15487
1402	64519
1406	98401
1410	57260
1414	150454
1417	343381
1421	489433
1425	516761
1429	412889
1433	229005
1437	57161
1441	67510
1445	76342
1449	31294
1453	22457
1457	36926
1460	19564
1464	12624
1468	18545
1472	3076
1476	18041
1480	17389
1484	65186
1488	141915
1492	194398
1496	188862
1500	123571
1503	29851
1507	45748
1511	66781
1515	34628
1519	18050
1523	47354
1527	38061
1531	2659
1535	31271
1539	38874
1542	17321
1546	21622
1550	39604
1554	28962
1558	15420
---
808	29498
812	36246
816	39061
820	33815
824	35578
828	38005
832	29605
835	26269
839	35155
843	36594
847	28755
851	33293
855	42993
859	36396
863	29364
867	38718
871	37565
875	25709
878	29538
882	38799
886	31707
890	25657
894	42375
898	42022
902	24986
906	36317
910	45170
914	29341
917	22911
921	46886
925	45579
929	23207
933	54717
937	68057
941	30312
945	53943
949	101532
953	74889
957	60799
960	248579
964	427491
968	502772
972	429914
976	243998
980	35811
984	105136
988	129676
992	65163
996	119804
1000	205371
1003	197861
1007	103545
1011	57770
1015	141634
1019	171345
1023	142178
1027	84956
1031	42019
1035	33353
1039	33483
1042	35102
1046	28793
1050	20940
1054	30236
1058	36025
1062	27943
1066	25352
1070	37790
1074	36512
1078	25160
1082	32525
1085	38155
1089	27517
1093	21112
1097	36374
1101	40681
1105	26245
1109	28198
1113	43632
1117	36757
1121	20882
1125	37026
1128	47958
1132	33787
1136	20872
1140	56117
1144	67952
1148	36017
1152	46463
1156	133527
1160	218509
1164	277582
1167	291731
1171	260949
1175	204779
1179	144953
1183	91115
1187	47135
1191	63183
1195	118571
1199	167753
1203	199572
1207	200351
1210	160629
1214	88672
1218	5156
1222	63737
1226	88431
1230	57421
1234	14441
1238	61465
1242	68355
1246	32475
1250	29615
1253	66051
1257	61607
1261	21520
1265	48072
1269	71092
1273	47695
1277	21641
1281	59505
1285	68226
1289	37597
1292	40383
1296	86409
1300	99326
1304	77644
1308	45628
1312	19570
1316	15021
1320	39509
1324	48209
1328	28033
1332	23690
1335	56108
1339	53254
1343	21272
1347	48403
1351	68418
1355	46267
1359	27828
1363	70511
1367	77604
1371	38799
1375	61281
1378	100145
1382	77118
1386	34834
1390	101609
1394	129418
1398	81047
1402	109491
1406	235826
1410	289032
1414	218565
1417	53310
1421	153610
1425	295242
1429	332957
1433	266108
1437	143370
1441	42741
1445	60957
1449	73985
1453	58682
1457	32572
1460	13452
1464	30925
1468	50658
1472	54864
1476	28767
1480	63979
1484	182433
1488	299170
1492	361064
1496	338638
1500	238273
1503	98301
1507	25466
1511	84280
1515	69449
1519	13470
1523	36943
1527	53186
1531	34226
1535	2538
1539	31235
1542	32486
1546	8759
1550	17591
1554	25548
1558	15393
---
808	28409
812	13605
816	31625
820	44405
824	33637
828	23936
832	38664
835	39058
839	22386
843	8181
847	23162
851	31155
855	29847
859	24867
863	10153
867	25651
871	46556
875	41530
878	15212
882	19924
886	37410
890	34763
894	17575
898	25781
902	31080
906	14336
910	16701
914	34607
917	51255
921	53427
925	22354
929	35436
933	86831
937	97351
941	46218
945	51159
949	129140
953	111087
957	62872
960	298595
964	533482
968	650981
972	591566
976	378796
980	116873
984	109517
988	180216
992	165914
996	172770
1000	191243
1003	148139
1007	76080
1011	111019
1015	136114
1019	92633
1023	59600
1027	90061
1031	78070
1035	19016
1039	50474
1042	76074
1046	47979
1050	42716
1054	79814
1058	69941
1062	22103
1066	39792
1070	53892
1074	25183
1078	34673
1082	66668
1085	52756
1089	14228
1093	54122
1097	60644
1101	23651
1105	39924
1109	64180
1113	39847
1117	30948
1121	83626
1125	88355
1128	40006
1132	51250
1136	79564
1140	42471
1144	52758
1148	115416
1152	92871
1156	42357
1160	249199
1164	433194
1167	500645
1171	419526
1175	244198
1179	118910
1183	148797
1187	141692
1191	140154
1195	237569
1199	310437
1203	295777
1207	206703
1210	91099
1214	31230
1218	71773
1222	71310
1226	37559
1230	14567
1234	50724
1238	65570
1242	45301
1246	13976
1250	44434
1253	51346
1257	24822
1261	23292
1265	54202
1269	55213
1273	27419
1277	29689
1281	50271
1285	41014
1289	12183
1292	20042
1296	31960
1300	29684
1304	24509
1308	21922
1312	29933
1316	50502
1320	56349
1324	33575
1328	28143
1332	58638
1335	58590
1339	29859
1343	44225
1347	68651
1351	52702
1355	32600
1359	71537
1363	78468
1367	46365
1371	71886
1375	108414
1378	91818
1382	80896
1386	141498
1390	159715
1394	105569
1398	132274
1402	212770
1406	171393
1410	145477
1414	485799
1417	855538
1421	1082838
1425	1073686
1429	837748
1433	479673
1437	164058
1441	169446
1445	217515
1449	149167
1453	74071
1457	135338
1460	147391
1464	72333
1468	78849
1472	152518
1476	112594
1480	64292
1484	318288
1488	545607
1492	641984
1496	565493
1500	360205
1503	126824
1507	40820
1511	97152
1515	70429
1519	45167
1523	54597
1527	26171
1531	29373
1535	66623
1539	57411
1542	15798
1546	36768
1550	49348
1554	24791
1558	23279
---
808	31337
812	30496
816	24322
820	27414
824	15844
828	17068
832	55331
835	74189
839	65209
843	71965
847	102115
851	98848
855	54808
859	48432
863	84231
867	79197
871	56366
875	89432
878	110909
882	78170
886	18969
890	39172
894	34239
898	19008
902	79178
906	101225
910	64429
914	58524
917	114743
921	105804
925	23141
929	85693
933	138021
937	94494
941	87904
945	221935
949	260826
953	123243
957	195914
960	556179
964	835171
968	919239
972	776530
976	473155
980	146376
984	121663
988	205971
992	175303
996	106561
1000	72775
1003	40872
1007	80881
1011	168909
1015	202876
1019	158585
1023	64160
1027	35353
1031	85028
1035	83771
1039	65348
1042	69191
1046	61556
1050	27103
1054	26413
1058	48886
1062	46294
1066	32049
1070	25468
1074	20939
1078	36545
1082	60841
1085	68212
1089	64682
1093	70884
1097	77565
1101	72767
1105	69362
1109	71958
1113	69397
1117	78072
1121	96264
1125	90155
1128	72517
1132	100820
1136	125847
1140	97530
1144	59995
1148	102772
1152	88064
1156	49229
1160	276660
1164	499505
1167	612877
1171	561771
1175	372038
1179	140973
1183	49961
1187	102057
1191	180986
1195	316594
1199	394878
1203	357979
1207	237366
1210	149166
1214	165268
1218	160420
1222	119078
1226	109615
1230	111142
1234	81376
1238	64491
1242	82684
1246	74619
1250	36311
1253	22955
1257	24820
1261	17430
1265	60240
1269	82960
1273	79022
1277	91817
1281	122997
1285	125667
1289	90062
1292	66949
1296	92209
1300	99947
1304	78482
1308	51879
1312	34161
1316	21374
1320	22012
1324	25206
1328	15732
1332	9300
1335	12747
1339	21194
1343	50802
1347	61187
1351	36443
1355	56585
1359	109420
1363	121137
1367	98390
1371	120318
1375	160090
1378	135160
1382	59412
1386	105793
1390	140181
1394	74142
1398	119795
1402	239813
1406	208996
1410	64046
1414	481609
1417	932441
1421	1219567
1425	1221034
1429	939459
1433	496680
1437	90355
1441	212326
1445	253123
1449	131090
1453	32614
1457	119764
1460	78798
1464	58127
1468	197984
1472	239541
1476	126388
1480	123147
1484	406430
1488	610046
1492	654932
1496	539762
1500	335184
1503	155911
1507	114858
1511	104905
1515	46292
1519	21659
1523	64118
1527	81892
1531	82223
1535	58999
1539	23367
1542	42141
1546	56242
1550	30046
1554	24692
1558	72317
---
808	18714
812	35061
816	19317
820	14082
824	34630
828	23135
832	10770
835	36770
839	31276
843	6994
847	33453
851	34183
855	8806
859	32245
863	39469
867	15736
871	28629
875	42416
878	21551
882	26701
886	48128
890	31357
894	23523
898	52477
902	40078
906	21827
910	65012
914	63111
917	10074
921	66310
925	87306
929	33164
933	67125
937	118221
941	65426
945	78691
949	191519
953	149859
957	108203
960	493041
964	829172
968	935817
972	753839
976	391251
980	131076
984	219549
988	201412
992	189248
996	263926
1000	250434
1003	146613
1007	108678
1011	124010
1015	84556
1019	116509
1023	161525
1027	127099
1031	57428
1035	69238
1039	63904
1042	22580
1046	60979
1050	65364
1054	19459
1058	44393
1062	61009
1066	25879
1070	31219
1074	56022
1078	31867
1082	20002
1085	50377
1089	35454
1093	12738
1097	49419
1101	44054
1105	709
1109	46412
1113	54106
1117	15469
1121	40903
1125	64728
1128	34302
1132	29280
1136	71488
1140	49480
1144	30630
1148	105636
1152	93976
1156	49563
1160	277033
1164	487399
1167	566110
1171	466542
1175	241379
1179	52790
1183	152054
1187	154705
1191	76016
1195	52128
1199	85712
1203	99111
1207	109275
1210	89635
1214	34206
1218	37937
1222	57313
1226	31475
1230	33992
1234	56067
1238	40617
1242	31998
1246	52661
1250	44906
1253	29004
1257	44111
1261	42926
1265	31682
1269	44138
1273	47275
1277	40050
1281	47996
1285	52901
1289	49056
1292	49289
1296	54255
1300	82434
1304	115497
1308	111359
1312	59461
1316	10930
1320	52045
1324	41310
1328	24327
1332	58016
1335	55716
1339	34927
1343	61953
1347	68682
1351	43926
1355	59760
1359	75879
1363	53551
1367	59570
1371	85059
1375	67431
1378	63176
1382	99859
1386	88639
1390	73461
1394	137822
1398	150444
1402	95633
1406	204896
1410	365453
1414	442511
1417	464340
1421	536664
1425	623439
1429	598110
1433	427415
1437	202877
1441	139319
1445	173628
1449	118957
1453	72445
1457	113581
1460	99752
1464	57097
1468	95971
1472	108307
1476	57563
1480	81118
1484	164823
1488	199684
1492	175901
1496	117253
1500	55877
1503	13094
1507	6227
1511	9255
1515	12355
1519	16368
1523	11690
1527	1881
1531	13624
1535	16249
1539	8315
1542	8595
1546	14578
1550	9936
1554	2366
1558	12034
---
808	29660
812	37933
816	39693
820	27470
824	40009
828	45667
832	33356
835	43156
839	50805
843	36499
847	45083
851	59785
855	48210
859	50678
863	70102
867	60657
871	49056
875	67202
878	60899
882	48726
886	76976
890	77892
894	51605
898	74879
902	85992
906	53822
910	71638
914	95958
917	60427
921	67334
925	109591
929	74010
933	66590
937	136883
941	102739
945	72986
949	211676
953	202531
957	102203
960	503770
964	902452
968	1062000
972	893456
976	492302
980	80963
984	171109
988	184272
992	177595
996	297923
1000	336027
1003	245999
1007	110977
1011	74333
1015	88977
1019	79834
1023	69545
1027	37445
1031	21867
1035	53929
1039	43546
1042	19805
1046	50237
1050	50535
1054	19595
1058	39815
1062	51370
1066	24474
1070	28355
1074	49672
1078	31361
1082	14447
1085	45110
1089	38719
1093	3907
1097	39303
1101	44083
1105	9007
1109	37507
1113	53980
1117	22713
1121	33592
1125	62998
1128	34479
1132	35137
1136	86584
1140	64786
1144	31579
1148	129981
1152	131453
1156	26589
1160	293531
1164	550167
1167	652102
1171	537667
1175	269427
1179	18876
1183	143866
1187	99183
1191	87688
1195	245289
1199	302881
1203	241285
1207	130201
1210	73079
1214	61436
1218	36735
1222	45462
1226	45437
1230	20176
1234	28335
1238	35581
1242	21621
1246	26931
1250	32907
1253	19794
1257	22447
1261	33676
1265	29600
1269	27813
1273	34601
1277	31599
1281	22274
1285	25932
1289	33427
1292	30397
1296	26199
1300	51691
1304	83494
1308	94697
1312	75528
1316	37271
1320	23721
1324	38210
1328	34560
1332	27961
1335	36657
1339	39501
1343	32850
1347	33410
1351	37388
1355	32061
1359	25968
1363	27674
1367	26551
1371	29233
1375	39501
1378	43188
1382	45432
1386	53632
1390	54838
1394	68036
1398	106670
1402	123052
1406	129666
1410	264543
1414	490154
1417	696536
1421	801879
1425	770295
1429	618199
1433	400132
1437	199835
1441	150544
1445	180135
1449	140605
1453	89929
1457	133698
1460	138315
1464	68773
1468	93433
1472	144241
1476	85983
1480	91456
1484	273039
1488	396088
1492	419316
1496	358656
1500	246863
1503	108281
1507	28057
1511	106809
1515	102539
1519	39268
1523	66673
1527	94203
1531	58260
1535	28409
1539	62298
1542	50281
1546	18844
1550	44747
1554	42777
1558	11313
---
808	22910
812	17642
816	23395
820	25236
824	19120
828	24387
832	32091
835	26609
839	18783
843	24329
847	24510
851	20600
855	25912
859	26550
863	20424
867	28931
871	36403
875	26867
878	19605
882	31270
886	28552
890	18549
894	31950
898	35386
902	18826
906	27058
910	42719
914	31327
917	21614
921	45998
925	44233
929	20156
933	47133
937	60347
941	29622
945	46905
949	91631
953	71683
957	45064
960	192768
964	326079
968	378146
972	328490
976	206359
980	68740
984	33380
988	78850
992	81581
996	70664
1000	63211
1003	59378
1007	52077
1011	33403
1015	7505
1019	17279
1023	22509
1027	10447
1031	8162
1035	18387
1039	12565
1042	3992
1046	16051
1050	14042
1054	609
1058	12054
1062	13528
1066	3796
1070	8488
1074	13269
1078	6762
1082	6470
1085	14619
1089	11102
1093	4114
1097	13201
1101	12556
1105	2548
1109	10515
1113	13897
1117	6980
1121	6526
1125	13396
1128	9905
1132	5964
1136	14950
1140	14393
1144	7327
1148	15646
1152	18880
1156	11496
1160	23056
1164	43240
1167	51471
1171	42567
1175	22188
1179	3845
1183	10249
1187	18434
1191	32284
1195	43861
1199	44237
1203	31941
1207	13812
1210	11332
1214	16018
1218	9208
1222	4436
1226	12543
1230	9882
1234	4004
1238	12056
1242	12967
1246	6463
1250	8785
1253	13165
1257	9476
1261	6790
1265	12146
1269	10410
1273	5405
1277	10961
1281	11164
1285	6075
1289	11185
1292	13536
1296	8600
1300	16786
1304	28237
1308	27770
1312	14518
1316	2514
1320	11576
1324	8820
1328	3034
1332	9240
1335	8292
1339	3360
1343	10330
1347	12252
1351	6558
1355	7676
1359	11347
1363	7077
1367	6066
1371	11432
1375	10199
1378	6984
1382	10287
1386	10252
1390	4808
1394	7322
1398	9739
1402	8587
1406	15232
1410	20919
1414	18961
1417	13960
1421	14824
1425	18169
1429	20426
1433	20808
1437	14860
1441	1362
1445	12896
1449	16608
1453	5915
1457	11406
1460	20592
1464	12588
1468	8788
1472	26813
1476	23809
1480	12695
1484	63014
1488	109674
1492	126245
1496	104052
1500	55953
1503	8631
1507	23185
1511	24620
1515	8909
1519	12719
1523	18738
1527	11067
1531	2427
1535	10170
1539	8872
1542	6361
1546	9997
1550	9713
1554	5988
1558	7562
---