
808	49960
812	30713
816	5683
820	18430
824	21008
828	24840
832	29076
835	21063
839	8075
843	25496
847	41082
851	36460
855	23305
859	26753
863	16175
867	17708
871	48818
875	61446
878	47907
882	24433
886	42223
890	40117
894	21581
898	79888
902	104245
906	56057
910	94650
914	268907
917	422269
921	478035
925	404537
929	237755
933	56623
937	79900
941	115421
945	63034
949	52101
953	127792
957	145174
960	106113
964	43737
968	13968
972	37007
976	25632
980	14327
984	33151
988	32043
992	19209
996	17797
1000	24770
1003	39467
1007	80747
1011	129179
1015	160198
1019	162173
1023	130454
1027	72679
1031	25028
1035	26540
1039	11201
1042	21738
1046	48246
1050	56210
1054	40184
1058	10859
1062	28461
1066	33187
1070	13749
1074	10576
1078	22559
1082	19287
1085	14277
1089	29445
1093	48127
1097	71475
1101	98324
1105	117752
1109	127810
1113	129318
1117	120558
1121	100581
1125	62681
1128	19291
1132	48349
1136	57067
1140	42549
1144	85381
1148	149450
1152	193478
1156	199432
1160	160787
1164	89089
1167	11759
1171	48526
1175	75385
1179	70937
1183	43368
1187	15993
1191	24725
1195	20514
1199	5411
1203	22619
1207	31613
1210	29833
1214	16159
1218	4974
1222	21305
1226	29841
1230	33884
1234	23911
1238	3504
1242	25542
1246	27811
1250	9572
1253	24684
1257	46483
1261	43529
1265	20528
1269	62911
1273	100870
1277	91135
1281	66400
1285	149570
1289	265501
1292	345515
1296	357381
1300	300872
1304	203743
1308	109176
1312	85476
1316	119722
1320	125944
1324	90218
1328	62909
1332	90190
1335	85457
1339	39434
1343	146009
1347	294440
1351	397549
1355	407743
1359	321798
1363	180561
1367	40975
1371	54963
1375	84684
1378	59970
1382	36160
1386	61314
1390	73021
1394	62395
1398	36584
1402	7902
1406	18565
1410	23810
1414	22523
1417	26014
1421	36571
1425	39915
1429	22571
1433	33510
1437	77338
1441	107702
1445	113622
1449	92946
1453	51997
1457	9039
1460	19611
1464	21303
1468	6926
1472	16058
1476	32476
1480	40365
1484	36581
1488	26712
1492	21637
1496	24040
1500	28928
1503	27168
1507	15028
1511	5539
1515	18997
1519	29662
1523	37027
1527	44047
1531	48589
1535	42539
1539	25018
1542	15212
1546	32577
1550	46715
1554	49042
1558	42422
---
808	10524
812	5635
816	2089
820	8179
824	10088
828	3853
832	10079
835	16194
839	9331
843	4383
847	11816
851	7701
855	2893
859	12206
863	15161
867	6128
871	12332
875	24523
878	16644
882	7609
886	27955
890	26450
894	1508
898	32607
902	51791
906	30654
910	40940
914	140164
917	222461
921	248717
925	209457
929	125245
933	33808
937	35978
941	52826
945	31397
949	3213
953	20027
957	29425
960	42375
964	49648
968	40818
972	22454
976	23569
980	27912
984	17970
988	14428
992	17193
996	8307
1000	10458
1003	15713
1007	7258
1011	43208
1015	89543
1019	114863
1023	101180
1027	55849
1031	15743
1035	36998
1039	39943
1042	21902
1046	23978
1050	36108
1054	28404
1058	18662
1062	27995
1066	27092
1070	16076
1074	22345
1078	31484
1082	27178
1085	21901
1089	30236
1093	33108
1097	34916
1101	47861
1105	57446
1109	55095
1113	48306
1117	47353
1121	39885
1125	10535
1128	31836
1132	58705
1136	44562
1140	14837
1144	99302
1148	178046
1152	219947
1156	206863
1160	144604
1164	62397
1167	5848
1171	36778
1175	34675
1179	13166
1183	11435
1187	21344
1191	13471
1195	7569
1199	16411
1203	12603
1207	5551
1210	11664
1214	13223
1218	9108
1222	5432
1226	11488
1230	11472
1234	2627
1238	8428
1242	10971
1246	5222
1250	3683
1253	7978
1257	9474
1261	6134
1265	3430
1269	9808
1273	9533
1277	6034
1281	8686
1285	17168
1289	30601
1292	40328
1296	40014
1300	30790
1304	17340
1308	3986
1312	10007
1316	15981
1320	12500
1324	4600
1328	17626
1332	26700
1335	22564
1339	6607
1343	31276
1347	67489
1351	94939
1355	100817
1359	81264
1363	44629
1367	6780
1371	19981
1375	26276
1378	14027
1382	9789
1386	24679
1390	22624
1394	5102
1398	14634
1402	22009
1406	13130
1410	5795
1414	21998
1417	23039
1421	3967
1425	25635
1429	41919
1433	25462
1437	25758
1441	94576
1445	154625
1449	181797
1453	163915
1457	108350
1460	40878
1464	14047
1468	32082
1472	24282
1476	4421
1480	14335
1484	19297
1488	9943
1492	5533
1496	12956
1500	8092
1503	3606
1507	11789
1511	12216
1515	6234
1519	2683
1523	8834
1527	7589
1531	652
1535	7654
1539	7650
1542	3000
1546	8217
1550	11028
1554	8645
1558	2467
---
808	24218
812	47069
816	55779
820	36148
824	9855
828	25610
832	23885
835	9806
839	45353
843	51666
847	31469
851	60401
855	90281
859	85344
863	58511
867	67744
871	93113
875	73861
878	29526
882	56896
886	56870
890	18897
894	72246
898	115105
902	120578
906	182752
910	331954
914	457052
917	487241
921	427657
925	337781
929	276987
933	244645
937	194637
941	116773
945	46027
949	15754
953	15782
957	15552
960	6218
964	49415
968	101968
972	141616
976	146606
980	115249
984	71591
988	45086
992	42927
996	49653
1000	61686
1003	87714
1007	128224
1011	166917
1015	184484
1019	179404
1023	160173
1027	123726
1031	71627
1035	28432
1039	27270
1042	28396
1046	14469
1050	31930
1054	53609
1058	53642
1062	41869
1066	38560
1070	59432
1074	93064
1078	115471
1082	107834
1085	59732
1089	33830
1093	120635
1097	207789
1101	291309
1105	350024
1109	355277
1113	303101
1117	215077
1121	132406
1125	90653
1128	66095
1132	81721
1136	113610
1140	90138
1144	63306
1148	167044
1152	265248
1156	292083
1160	230281
1164	116646
1167	58832
1171	95951
1175	104391
1179	95689
1183	86903
1187	69136
1191	53805
1195	87983
1199	123356
1203	126018
1207	104833
1210	78684
1214	59337
1218	62795
1222	83961
1226	95230
1230	78435
1234	39989
1238	24460
1242	36727
1246	35681
1250	30985
1253	25283
1257	17182
1261	27589
1265	46908
1269	44382
1273	8594
1277	48834
1281	108672
1285	162311
1289	207472
1292	240215
1296	257191
1300	251283
1304	215249
1308	157938
1312	100649
1316	51594
1320	4475
1324	44001
1328	82669
1332	107970
1335	117723
1339	127791
1343	165214
1347	214624
1351	250233
1355	270615
1359	277017
1363	260553
1367	216516
1371	148632
1375	72092
1378	44848
1382	69443
1386	70639
1390	57102
1394	39978
1398	22774
1402	42722
1406	78030
1410	99172
1414	91060
1417	55807
1421	16212
1425	35736
1429	78793
1433	128628
1437	172909
1441	197192
1445	190717
1449	155929
1453	117616
1457	99354
1460	83168
1464	49446
1468	11202
1472	41274
1476	65222
1480	64704
1484	46621
1488	32814
1492	28076
1496	19960
1500	25552
1503	40022
1507	46433
1511	40888
1515	27394
1519	17223
1523	16869
1527	26368
1531	39908
1535	47177
1539	45946
1542	40747
1546	36958
1550	37539
1554	45158
1558	60919
---
808	28136
812	27557
816	27824
820	26113
824	26299
828	31443
832	33606
835	29656
839	31709
843	36833
847	32443
851	24904
855	28408
859	33348
863	28822
867	30038
871	44077
875	43465
878	30487
882	40016
886	50253
890	37507
894	30822
898	69314
902	83879
906	45204
910	91790
914	215713
917	312238
921	343513
925	294578
929	179591
933	47209
937	52681
941	85437
945	65338
949	20935
953	68596
957	115791
960	118053
964	83180
968	37019
972	4436
976	25119
980	18120
984	12400
988	25643
992	17299
996	26508
1000	36361
1003	22148
1007	43723
1011	106210
1015	164412
1019	183886
1023	149145
1027	81506
1031	33753
1035	45455
1039	46198
1042	32705
1046	34380
1050	38832
1054	33811
1058	35714
1062	36464
1066	27912
1070	29925
1074	41455
1078	39624
1082	32673
1085	48665
1089	54568
1093	37890
1097	58617
1101	110404
1105	145753
1109	143597
1113	106403
1117	63639
1121	32221
1125	13573
1128	51629
1132	64734
1136	35366
1140	36432
1144	134820
1148	227509
1152	271724
1156	248741
1160	174935
1164	80996
1167	10456
1171	57106
1175	58217
1179	23558
1183	15346
1187	34990
1191	32619
1195	12818
1199	15527
1203	31223
1207	23641
1210	6385
1214	21135
1218	25118
1222	15862
1226	6047
1230	20917
1234	24649
1238	12925
1242	13813
1246	21098
1250	14672
1253	4274
1257	16498
1261	24274
1265	18451
1269	12707
1273	25087
1277	25059
1281	11288
1285	21061
1289	45873
1292	64180
1296	65586
1300	51250
1304	33489
1308	18515
1312	14317
1316	18729
1320	11496
1324	4879
1328	19298
1332	28640
1335	25276
1339	7797
1343	39012
1347	72774
1351	92901
1355	97552
1359	82410
1363	48394
1367	11931
1371	15746
1375	21589
1378	12757
1382	8557
1386	25122
1390	24919
1394	7845
1398	15500
1402	22863
1406	14836
1410	3907
1414	22000
1417	26213
1421	7955
1425	25135
1429	39403
1433	20205
1437	42845
1441	107621
1445	159264
1449	173165
1453	138470
1457	73316
1460	32580
1464	43720
1468	36008
1472	13073
1476	19134
1480	29640
1484	18403
1488	7337
1492	26337
1496	24101
1500	6458
1503	14550
1507	21302
1511	15071
1515	5396
1519	17566
1523	20108
1527	9610
1531	12716
1535	18615
1539	13045
1542	7027
1546	12665
1550	14130
1554	7385
1558	10113
---
808	30453
812	39439
816	50539
820	59968
824	58562
828	53068
832	61971
835	62943
839	47909
843	39395
847	46823
851	55572
855	62881
859	67270
863	65628
867	73073
871	81833
875	63705
878	35056
882	37525
886	24158
890	19846
894	73516
898	108604
902	104337
906	126810
910	242912
914	346833
917	363936
921	283083
925	149401
929	104087
933	168652
937	167336
941	96209
945	34147
949	71980
953	84892
957	72800
960	74459
964	89608
968	77244
972	27575
976	37392
980	84661
984	96489
988	75242
992	50836
996	80425
1000	115754
1003	108714
1007	56440
1011	18768
1015	62639
1019	74871
1023	62755
1027	50813
1031	50860
1035	55177
1039	79063
1042	101485
1046	96754
1050	82002
1054	80260
1058	75866
1062	53526
1066	17693
1070	48896
1074	74225
1078	84375
1082	123605
1085	165006
1089	181193
1093	184111
1097	191026
1101	203651
1105	196643
1109	152268
1113	107247
1117	103053
1121	94006
1125	56897
1128	18368
1132	44763
1136	47411
1140	26973
1144	94389
1148	167685
1152	208806
1156	204157
1160	151394
1164	75207
1167	61279
1171	94389
1175	97333
1179	72222
1183	48817
1187	71129
1191	87894
1195	71674
1199	52606
1203	64765
1207	73511
1210	61735
1214	34416
1218	31676
1222	42305
1226	30677
1230	55518
1234	93322
1238	109467
1242	112524
1246	120103
1250	137499
1253	143686
1257	121896
1261	93904
1265	84002
1269	74877
1273	67617
1277	76757
1281	91863
1285	111093
1289	150782
1292	192388
1296	201888
1300	185988
1304	175622
1308	169466
1312	151735
1316	121564
1320	103178
1324	112027
1328	110241
1332	111664
1335	144699
1339	168619
1343	166581
1347	153322
1351	150857
1355	161740
1359	156419
1363	126451
1367	95701
1371	74857
1375	54784
1378	38015
1382	30462
1386	28049
1390	24240
1394	26229
1398	31427
1402	34054
1406	38298
1410	46442
1414	55063
1417	65743
1421	85707
1425	98681
1429	90525
1433	81165
1437	99434
1441	131521
1445	143755
1449	110899
1453	41892
1457	55862
1460	108619
1464	121860
1468	95880
1472	53143
1476	41190
1480	46225
1484	41639
1488	48997
1492	60842
1496	68123
1500	83433
1503	113259
1507	135470
1511	133654
1515	125104
1519	133550
1523	144808
1527	142574
1531	128274
1535	111158
1539	105861
1542	107545
1546	93105
1550	61415
1554	33553
1558	19577
---
808	17028
812	20931
816	27761
820	22606
824	17518
828	23909
832	22841
835	13636
839	17623
843	26987
847	23345
851	15520
855	26042
859	28063
863	15887
867	17808
871	27623
875	22787
878	9726
882	28164
886	37670
890	21937
894	21070
898	46586
902	45879
906	11954
910	55779
914	131452
917	189675
921	206678
925	178669
929	117666
933	40363
937	32356
941	69976
945	55758
949	7312
953	87356
957	160713
960	198586
964	183945
968	121414
972	40801
976	26395
980	49081
984	35343
988	6088
992	31355
996	39166
1000	18503
1003	15497
1007	45051
1011	74139
1015	107239
1019	125202
1023	111939
1027	71073
1031	28822
1035	41047
1039	49066
1042	31157
1046	28923
1050	42840
1054	37101
1058	26150
1062	34917
1066	37414
1070	27355
1074	35098
1078	45032
1082	35354
1085	35040
1089	51841
1093	49004
1097	49395
1101	96484
1105	137854
1109	134407
1113	84314
1117	26084
1121	34446
1125	30525
1128	27141
1132	60022
1136	59888
1140	16044
1144	113009
1148	221372
1152	276597
1156	254328
1160	171749
1164	74300
1167	44056
1171	62242
1175	41890
1179	14686
1183	34050
1187	31548
1191	12618
1195	18313
1199	25211
1203	17043
1207	5978
1210	18874
1214	18487
1218	3823
1222	13672
1226	17561
1230	9441
1234	6075
1238	11151
1242	10037
1246	3443
1250	10799
1253	13938
1257	6151
1261	10572
1265	15776
1269	10894
1273	11818
1277	15372
1281	9826
1285	16721
1289	42528
1292	67350
1296	78924
1300	72573
1304	54436
1308	37671
1312	35000
1316	40859
1320	40627
1324	29526
1328	21970
1332	31679
1335	31738
1339	19657
1343	44228
1347	87715
1351	121356
1355	129391
1359	108211
1363	67742
1367	21886
1371	17723
1375	37771
1378	30776
1382	4573
1386	21594
1390	30579
1394	19939
1398	9467
1402	28039
1406	30377
1410	11606
1414	25899
1417	39242
1421	25530
1425	26248
1429	51681
1433	48381
1437	43068
1441	129551
1445	230498
1449	287624
1453	271655
1457	191825
1460	86481
1464	21653
1468	53389
1472	44430
1476	8509
1480	28156
1484	33730
1488	14155
1492	11667
1496	25426
1500	20317
1503	2880
1507	17984
1511	22843
1515	11336
1519	10051
1523	18997
1527	14646
1531	4955
1535	12403
1539	15653
1542	11011
1546	13419
1550	19310
1554	15242
1558	8221
---
808	76184
812	65841
816	51085
820	41092
824	51371
828	55281
832	41968
835	49870
839	85875
843	105180
847	95485
851	78408
855	75249
859	70389
863	67445
867	82759
871	89900
875	77781
878	97339
882	142124
886	147202
890	100013
894	74371
898	118026
902	115238
906	58321
910	191516
914	382389
917	519213
921	555114
925	482904
929	326911
933	139939
937	42103
941	115847
945	125211
949	84734
953	40948
957	47711
960	67646
964	101292
968	125701
972	107770
976	51053
980	15025
984	51898
988	41353
992	14135
996	78905
1000	108177
1003	77484
1007	14803
1011	87581
1015	145439
1019	162210
1023	141241
1027	95227
1031	38798
1035	11136
1039	35566
1042	31680
1046	46481
1050	85263
1054	108848
1058	123591
1062	163544
1066	208479
1070	205107
1074	137043
1078	73916
1082	128657
1085	152720
1089	102280
1093	128986
1097	270145
1101	364244
1105	361455
1109	287570
1113	223597
1117	209675
1121	179631
1125	95320
1128	59684
1132	139839
1136	150485
1140	83907
1144	107237
1148	220157
1152	280413
1156	262577
1160	185557
1164	98029
1167	60781
1171	62906
1175	54922
1179	45008
1183	46347
1187	55347
1191	60364
1195	55904
1199	48295
1203	48649
1207	48477
1210	37996
1214	30515
1218	32078
1222	33058
1226	50862
1230	76370
1234	84789
1238	67761
1242	40205
1246	27201
1250	23041
1253	48428
1257	87254
1261	110553
1265	120581
1269	140133
1273	160964
1277	148667
1281	104830
1285	116218
1289	195005
1292	264969
1296	301189
1300	295003
1304	242025
1308	145829
1312	33154
1316	60559
1320	69738
1324	16190
1328	123766
1332	203866
1335	187595
1339	62436
1343	161020
1347	364063
1351	479972
1355	467723
1359	350200
1363	191335
1367	60491
1371	33599
1375	38728
1378	41847
1382	52690
1386	32039
1390	21094
1394	67321
1398	85267
1402	70372
1406	54068
1410	71107
1414	82551
1417	73082
1421	77175
1425	103818
1429	116684
1433	111978
1437	133766
1441	204796
1445	285480
1449	337983
1453	340809
1457	289788
1460	198406
1464	100404
1468	72411
1472	100692
1476	92817
1480	48622
1484	9272
1488	39247
1492	51059
1496	62886
1500	82514
1503	88989
1507	73641
1511	56521
1515	57159
1519	54296
1523	52860
1527	81656
1531	112503
1535	116728
1539	93826
1542	76060
1546	92780
1550	116904
1554	131884
1558	137044
---
808	15827
812	13724
816	19229
820	17495
824	11610
828	16635
832	25351
835	20772
839	17804
843	27737
847	24466
851	13153
855	19664
859	27783
863	22930
867	13663
871	31735
875	35183
878	17225
882	29652
886	42496
890	29052
894	11389
898	48684
902	64205
906	28718
910	64230
914	160784
917	221769
921	226800
925	181573
929	105005
933	30277
937	17427
941	17954
945	17596
949	27214
953	51512
957	87610
960	112830
964	112504
968	78621
972	23955
976	25035
980	33333
984	18822
988	18171
992	16325
996	15724
1000	18676
1003	16606
1007	6387
1011	51096
1015	101315
1019	119345
1023	92751
1027	41226
1031	8345
1035	37563
1039	35644
1042	5274
1046	28870
1050	36303
1054	14424
1058	14498
1062	26108
1066	20590
1070	10271
1074	24256
1078	30917
1082	11032
1085	24774
1089	40302
1093	18707
1097	29538
1101	79823
1105	111943
1109	111885
1113	79175
1117	41808
1121	34625
1125	25428
1128	12556
1132	31999
1136	38810
1140	12059
1144	47364
1148	112416
1152	152041
1156	156459
1160	132011
1164	84824
1167	29969
1171	15650
1175	24719
1179	19329
1183	10334
1187	6222
1191	15147
1195	9715
1199	5331
1203	12734
1207	9097
1210	6692
1214	4157
1218	5077
1222	6558
1226	697
1230	7961
1234	6022
1238	3680
1242	7376
1246	2857
1250	4249
1253	3443
1257	4605
1261	6611
1265	2218
1269	4906
1273	2960
1277	6091
1281	8350
1285	10410
1289	22624
1292	36722
1296	48388
1300	46616
1304	26513
1308	8624
1312	19977
1316	23297
1320	18536
1324	5881
1328	26951
1332	38790
1335	25535
1339	7547
1343	48391
1347	89545
1351	116267
1355	114723
1359	87723
1363	52258
1367	23017
1371	10705
1375	19560
1378	22649
1382	13085
1386	4853
1390	15008
1394	11949
1398	6992
1402	12171
1406	14804
1410	13264
1414	14433
1417	24727
1421	19234
1425	17993
1429	43703
1433	39492
1437	19905
1441	102645
1445	199369
1449	270301
1453	279924
1457	218033
1460	113056
1464	14459
1468	47494
1472	57095
1476	28967
1480	17190
1484	39671
1488	32447
1492	10546
1496	22430
1500	26251
1503	15055
1507	10490
1511	21633
1515	20961
1519	11584
1523	17634
1527	19822
1531	11042
1535	12116
1539	19118
1542	18501
1546	10946
1550	9985
1554	15117
1558	12216
---
808	51241
812	14149
816	53177
820	80964
824	59375
828	66086
832	126388
835	148986
839	125577
843	120841
847	146869
851	129007
855	71892
859	86009
863	111625
867	74205
871	16872
875	70683
878	71437
882	50964
886	105408
890	114088
894	36883
898	90944
902	150144
906	70571
910	169081
914	469180
917	699360
921	737164
925	556007
929	246005
933	75886
937	223376
941	213310
945	88196
949	92008
953	197373
957	254298
960	291752
964	293192
968	226385
972	121526
976	98401
980	133291
984	117918
988	81478
992	86894
996	80876
1000	43905
1003	90677
1007	143566
1011	137423
1015	81660
1019	91672
1023	164450
1027	185355
1031	133001
1035	67588
1039	110411
1042	132178
1046	90171
1050	83966
1054	146952
1058	157355
1062	95644
1066	57084
1070	103099
1074	80099
1078	55990
1082	165665
1085	221626
1089	161814
1093	24241
1097	241935
1101	437812
1105	541419
1109	541422
1113	457400
1117	314993
1121	150204
1125	13121
1128	62660
1132	61368
1136	10453
1140	50977
1144	89837
1148	139110
1152	217135
1156	271112
1160	255530
1164	169208
1167	50249
1171	47780
1175	81989
1179	51367
1183	13191
1187	48586
1191	47073
1195	29903
1199	42661
1203	48392
1207	26374
1210	13604
1214	43942
1218	46796
1222	39481
1226	63888
1230	84254
1234	75942
1238	44910
1242	13122
1246	12892
1250	24397
1253	58570
1257	90549
1261	97885
1265	102002
1269	145088
1273	190885
1277	186173
1281	120225
1285	132235
1289	284110
1292	416080
1296	470203
1300	437029
1304	339425
1308	218322
1312	117723
1316	67376
1320	71518
1324	111892
1328	160204
1332	186959
1335	162449
1339	67089
1343	125931
1347	336363
1351	511526
1355	577591
1359	502878
1363	315263
1367	102415
1371	113466
1375	159950
1378	93185
1382	31792
1386	133973
1390	160677
1394	113988
1398	52785
1402	62278
1406	61986
1410	50041
1414	87667
1417	112864
1421	103168
1425	86202
1429	84303
1433	90531
1437	128318
1441	194042
1445	246961
1449	265627
1453	254262
1457	223424
1460	175189
1464	112031
1468	60656
1472	78381
1476	113951
1480	127941
1484	119210
1488	105018
1492	105727
1496	103978
1500	80285
1503	64369
1507	84512
1511	86746
1515	45574
1519	25024
1523	79198
1527	96477
1531	97051
1535	116595
1539	122584
1542	81004
1546	41050
1550	110336
1554	151556
1558	139203
---
808	11872
812	22185
816	16566
820	7288
824	21755
828	22639
832	6980
835	14498
839	21829
843	10409
847	10542
851	23785
855	17816
859	3851
863	23710
867	24476
871	5067
875	23339
878	30956
882	13045
886	25232
890	41148
894	23122
898	33207
902	70574
906	53922
910	49549
914	200648
917	346528
921	414296
925	366724
929	222478
933	47106
937	91019
941	133321
945	80780
949	39021
953	156336
957	238382
960	257997
964	214411
968	128117
972	33676
976	34938
980	55810
984	34310
988	12129
992	39968
996	43883
1000	23010
1003	22846
1007	57306
1011	83238
1015	94909
1019	93609
1023	82100
1027	60028
1031	27689
1035	10716
1039	31802
1042	31500
1046	14228
1050	20201
1054	29769
1058	20234
1062	15732
1066	29758
1070	26476
1074	10011
1078	22032
1082	25305
1085	11676
1089	24696
1093	30900
1097	16307
1101	56798
1105	103707
1109	115354
1113	83052
1117	39791
1121	50061
1125	51641
1128	26615
1132	48387
1136	64085
1140	31290
1144	66713
1148	159561
1152	220466
1156	223802
1160	174576
1164	98851
1167	26878
1171	20556
1175	36197
1179	25601
1183	3058
1187	20473
1191	25655
1195	11658
1199	11236
1203	24532
1207	18868
1210	3967
1214	20367
1218	23284
1222	8955
1226	12448
1230	22884
1234	15410
1238	5674
1242	19300
1246	18059
1250	7039
1253	15958
1257	17330
1261	7334
1265	19862
1269	26009
1273	12772
1277	15169
1281	27873
1285	13106
1289	29214
1292	73890
1296	94787
1300	78096
1304	34483
1308	14731
1312	30320
1316	16361
1320	19851
1324	38997
1328	36981
1332	35496
1335	46682
1339	40211
1343	42039
1347	90979
1351	128547
1355	125173
1359	83883
1363	32511
1367	14540
1371	13977
1375	8325
1378	23018
1382	20183
1386	5700
1390	25476
1394	30166
1398	15896
1402	24310
1406	36532
1410	27165
1414	25336
1417	43821
1421	43052
1425	37060
1429	60277
1433	71126
1437	73394
1441	143946
1445	245276
1449	311681
1453	308516
1457	238153
1460	135456
1464	54597
1468	49065
1472	49834
1476	31987
1480	23762
1484	26944
1488	22964
1492	17461
1496	16708
1500	15454
1503	13299
1507	11872
1511	10021
1515	9237
1519	9295
1523	7502
1527	6097
1531	7495
1535	7465
1539	5452
1542	4170
1546	2797
1550	1502
1554	4525
1558	5844
---
808	11273
812	4904
816	13697
820	14396
824	6574
828	11495
832	16547
835	9964
839	5568
843	14403
847	11512
851	5735
855	15917
859	17313
863	8976
867	10844
871	15999
875	11084
878	11439
882	19637
886	16364
890	10001
894	23340
898	27053
902	13934
906	24857
910	48931
914	55167
917	58761
921	100049
925	148107
929	157807
933	111744
937	40050
941	73243
945	97509
949	60404
953	103639
957	217772
960	284788
964	268709
968	183146
972	74448
976	31705
980	71735
984	72103
988	40238
992	31682
996	67131
1000	70874
1003	29536
1007	67484
1011	148028
1015	189094
1019	174673
1023	119611
1027	54120
1031	21959
1035	35932
1039	25919
1042	14288
1046	42592
1050	44672
1054	9445
1058	45717
1062	71860
1066	40225
1070	35996
1074	99228
1078	88727
1082	16629
1085	139725
1089	192003
1093	81885
1097	199846
1101	544932
1105	800670
1109	843321
1113	655176
1117	332583
1121	42141
1125	155575
1128	165191
1132	75314
1136	55472
1140	106002
1144	114877
1148	140846
1152	228923
1156	330577
1160	376715
1164	323539
1167	184287
1171	58386
1175	114349
1179	116758
1183	52605
1187	66122
1191	92730
1195	57521
1199	38639
1203	74835
1207	63925
1210	33033
1214	60048
1218	63559
1222	33459
1226	47717
1230	62197
1234	39737
1238	37425
1242	58405
1246	48256
1250	40603
1253	59744
1257	54550
1261	42644
1265	61217
1269	60448
1273	55370
1277	84776
1281	85331
1285	85643
1289	187043
1292	280575
1296	283155
1300	183256
1304	37771
1308	70531
1312	85324
1316	29787
1320	68875
1324	88411
1328	33686
1332	69920
1335	115430
1339	56513
1343	105437
1347	287856
1351	400309
1355	386589
1359	261672
1363	99817
1367	55191
1371	90308
1375	60733
1378	18457
1382	40212
1386	36747
1390	10009
1394	21276
1398	27001
1402	11816
1406	11361
1410	20884
1414	10459
1417	16797
1421	33586
1425	22921
1429	17891
1433	64811
1437	78121
1441	27884
1445	82449
1449	209464
1453	291786
1457	284651
1460	189236
1464	54367
1468	52891
1472	87347
1476	51576
1480	13408
1484	54426
1488	48038
1492	6484
1496	35465
1500	44622
1503	18652
1507	19100
1511	37395
1515	25508
1519	8613
1523	28056
1527	25566
1531	5842
1535	22796
1539	26989
1542	9459
1546	18302
1550	30092
1554	20483
1558	5998
---
808	31947
812	23426
816	17872
820	33381
824	31608
828	15270
832	30401
835	39051
839	23936
843	22018
847	39650
851	32341
855	12255
859	41509
863	49443
867	21606
871	34712
875	62385
878	45037
882	19613
886	74225
890	85399
894	30958
898	77315
902	145910
906	108551
910	70705
914	338340
917	600110
921	741818
925	695585
929	475629
933	175209
937	83301
941	199427
945	156554
949	13608
953	159525
957	259087
960	260919
964	189983
968	103896
972	48843
976	21725
980	23505
984	37081
988	26111
992	10884
996	37487
1000	38657
1003	9591
1007	41271
1011	77766
1015	88914
1019	76498
1023	53048
1027	28441
1031	6059
1035	13574
1039	17559
1042	6401
1046	11317
1050	20969
1054	16113
1058	1929
1062	14348
1066	17730
1070	7952
1074	10918
1078	17993
1082	12887
1085	15997
1089	21402
1093	15328
1097	39049
1101	77846
1105	105320
1109	109555
1113	88961
1117	51181
1121	22466
1125	42381
1128	49826
1132	29585
1136	29410
1140	63370
1144	70999
1148	54573
1152	88344
1156	153113
1160	186151
1164	165419
1167	102267
1171	32757
1175	33857
1179	45251
1183	28635
1187	18255
1191	29354
1195	25729
1199	15141
1203	20521
1207	23110
1210	17257
1214	15881
1218	17522
1222	12575
1226	12451
1230	21034
1234	22327
1238	16795
1242	16516
1246	18868
1250	15003
1253	12148
1257	16975
1261	17422
1265	11519
1269	12810
1273	17924
1277	14547
1281	11814
1285	21997
1289	28351
1292	27561
1296	25788
1300	25709
1304	22592
1308	16452
1312	16567
1316	20084
1320	18142
1324	16290
1328	20349
1332	20588
1335	14573
1339	18746
1343	34308
1347	46234
1351	48779
1355	42832
1359	34408
1363	26769
1367	15853
1371	5023
1375	15142
1378	18215
1382	9675
1386	8803
1390	19839
1394	18874
1398	8051
1402	18764
1406	26437
1410	17197
1414	13531
1417	28595
1421	26874
1425	10704
1429	31356
1433	45161
1437	25450
1441	36863
1445	106689
1449	159497
1453	170785
1457	137895
1460	78198
1464	18428
1468	19328
1472	26999
1476	14245
1480	4747
1484	12286
1488	11820
1492	6715
1496	4934
1500	8807
1503	9121
1507	6125
1511	4083
1515	5662
1519	5499
1523	895
1527	5633
1531	8049
1535	4122
1539	3154
1542	7080
1546	5335
1550	990
1554	6281
1558	7388
---