
808	25921
812	23019
816	9064
820	10195
824	18721
828	16739
832	9090
835	1322
839	5722
843	10344
847	10677
851	13350
855	18217
859	18140
863	17824
867	21544
871	23380
875	20002
878	14971
882	18071
886	15310
890	18692
894	47779
898	73918
902	93324
906	104161
910	96083
914	69924
917	38557
921	15091
925	31719
929	37822
933	22026
937	30935
941	48218
945	60610
949	82146
953	98504
957	94842
960	65797
964	25370
968	50808
972	69799
976	48143
980	4300
984	37676
988	48765
992	22531
996	33945
1000	93998
1003	127073
1007	119784
1011	85473
1015	51650
1019	37039
1023	31065
1027	23718
1031	18432
1035	10313
1039	14542
1042	26561
1046	27608
1050	30032
1054	46200
1058	55062
1062	35924
1066	17443
1070	87558
1074	144767
1078	166167
1082	149172
1085	104940
1089	50150
1093	14221
1097	22922
1101	14284
1105	9774
1109	25954
1113	35637
1117	36413
1121	23738
1125	5232
1128	25504
1132	44303
1136	58068
1140	66233
1144	63164
1148	45236
1152	21522
1156	16567
1160	17429
1164	7492
1167	9803
1171	23970
1175	28435
1179	16962
1183	7342
1187	21814
1191	24327
1195	23188
1199	21772
1203	12726
1207	11386
1210	28257
1214	39839
1218	34242
1222	12827
1226	19708
1230	28328
1234	20054
1238	22216
1242	33610
1246	30359
1250	16370
1253	47705
1257	77562
1261	70177
1265	21622
1269	49035
1273	107746
1277	134018
1281	118986
1285	71224
1289	19231
1292	26612
1296	32084
1300	22901
1304	24193
1308	29686
1312	25059
1316	14341
1320	16486
1324	19051
1328	13257
1332	10036
1335	10798
1339	10277
1343	12606
1347	17925
1351	20756
1355	17329
1359	11795
1363	7904
1367	4082
1371	11910
1375	17251
1378	16437
1382	14529
1386	16657
1390	20021
1394	18841
1398	12441
1402	7595
1406	7579
1410	9113
1414	11658
1417	13611
1421	20368
1425	28192
1429	31281
1433	31493
1437	28898
1441	19631
1445	6776
1449	7004
1453	9401
1457	7514
1460	5989
1464	5383
1468	4279
1472	8168
1476	13188
1480	13571
1484	14093
1488	16231
1492	11639
1496	1879
1500	12095
1503	19880
1507	21200
1511	15045
1515	11868
1519	16906
1523	13875
1527	5159
1531	12778
1535	19966
1539	20459
1542	13688
1546	5450
1550	5928
1554	2002
1558	5712
---
808	33353
812	18268
816	14322
820	24081
824	26854
828	22002
832	13634
835	9258
839	27810
843	47473
847	54852
851	46779
855	29000
859	20304
863	31277
867	32652
871	18040
875	5306
878	13384
882	1563
886	38821
890	94669
894	143279
898	158658
902	131906
906	82144
910	56958
914	66268
917	58917
921	27926
925	12820
929	48411
933	81951
937	107727
941	110316
945	81301
949	31585
953	30658
957	57062
960	49842
964	16247
968	21783
972	40486
976	34689
980	14537
984	5238
988	12427
992	14835
996	23149
1000	25017
1003	10231
1007	28783
1011	64178
1015	82531
1019	73468
1023	44034
1027	26049
1031	39986
1035	41548
1039	30723
1042	40722
1046	54877
1050	46557
1054	19108
1058	7347
1062	15409
1066	22380
1070	53533
1074	79743
1078	79909
1082	49524
1085	21668
1089	53561
1093	65879
1097	47673
1101	29094
1105	44251
1109	50759
1113	36656
1117	15056
1121	12371
1125	12988
1128	21277
1132	39799
1136	48493
1140	45482
1144	43383
1148	46428
1152	44121
1156	31412
1160	12305
1164	19532
1167	39939
1171	48556
1175	40327
1179	27505
1183	35970
1187	45734
1191	39716
1195	21248
1199	8619
1203	19519
1207	24328
1210	20877
1214	15827
1218	30323
1222	47806
1226	49012
1230	36094
1234	38958
1238	51600
1242	42035
1246	17499
1250	54271
1253	84622
1257	80242
1261	66382
1265	89701
1269	112682
1273	107356
1277	90370
1281	89162
1285	90394
1289	70420
1292	33754
1296	13752
1300	24837
1304	28589
1308	30876
1312	27530
1316	29772
1320	48870
1324	61210
1328	53956
1332	38081
1335	42880
1339	51627
1343	43484
1347	27010
1351	25054
1355	34007
1359	38670
1363	34073
1367	20505
1371	22617
1375	40467
1378	43811
1382	27991
1386	16873
1390	32098
1394	36508
1398	26086
1402	9628
1406	8402
1410	17513
1414	18889
1417	9698
1421	15984
1425	39596
1429	54125
1433	51789
1437	35266
1441	14123
1445	7935
1449	19097
1453	24518
1457	21322
1460	12109
1464	17966
1468	27751
1472	25769
1476	16118
1480	19680
1484	29843
1488	31608
1492	22904
1496	10013
1500	20742
1503	34687
1507	35531
1511	22771
1515	14708
1519	24672
1523	25874
1527	14426
1531	3307
1535	15055
1539	18066
1542	15914
1546	13928
1550	7276
1554	5513
1558	16889
---
808	16532
812	10308
816	9533
820	10363
824	5216
828	21019
832	28308
835	18297
839	22583
843	35012
847	34386
851	24764
855	6145
859	15549
863	18234
867	16889
871	47671
875	58010
878	36377
882	33143
886	79479
890	122791
894	139753
898	119400
902	81999
906	59125
910	40745
914	14997
917	11662
921	19804
925	26386
929	34707
933	43566
937	45606
941	41967
945	47006
949	49804
953	43800
957	41902
960	35120
964	15494
968	4241
972	10216
976	24049
980	32664
984	23260
988	16726
992	27764
996	51443
1000	84818
1003	102745
1007	97175
1011	78806
1015	52524
1019	19937
1023	5664
1027	12374
1031	7702
1035	7667
1039	6555
1042	6207
1046	11312
1050	19855
1054	18960
1058	7434
1062	13031
1066	52895
1070	110598
1074	159162
1078	176233
1082	160133
1085	118623
1089	62822
1093	27402
1097	38253
1101	37640
1105	29686
1109	16762
1113	8769
1117	24579
1121	29153
1125	23626
1128	4946
1132	27835
1136	56454
1140	63109
1144	50908
1148	39436
1152	32105
1156	26140
1160	24951
1164	18890
1167	20017
1171	27347
1175	20344
1179	2599
1183	10523
1187	10193
1191	2649
1195	9031
1199	18481
1203	22519
1207	16571
1210	22935
1214	36343
1218	37422
1222	29027
1226	17883
1230	19769
1234	33321
1238	36990
1242	30412
1246	22754
1250	34969
1253	60306
1257	78888
1261	93696
1265	119374
1269	155145
1273	182624
1277	181586
1281	147761
1285	95674
1289	43294
1292	30189
1296	55184
1300	56667
1304	35733
1308	21348
1312	35886
1316	46391
1320	42513
1324	34222
1328	36235
1332	37251
1335	31257
1339	24769
1343	21903
1347	17983
1351	7711
1355	5064
1359	10457
1363	11294
1367	14516
1371	16080
1375	19586
1378	23885
1382	23104
1386	19873
1390	20795
1394	25803
1398	26260
1402	21310
1406	19030
1410	17280
1414	12003
1417	6806
1421	14083
1425	24250
1429	29941
1433	37237
1437	41036
1441	29919
1445	8693
1449	10357
1453	14636
1457	9373
1460	5528
1464	16997
1468	22551
1472	15919
1476	3963
1480	1858
1484	2713
1488	10093
1492	12443
1496	10436
1500	12176
1503	19808
1507	25680
1511	26119
1515	27377
1519	31064
1523	30567
1527	25724
1531	19787
1535	15329
1539	13335
1542	11846
1546	11399
1550	15977
1554	22529
1558	22653
---
808	23073
812	17567
816	2831
820	12468
824	16080
828	7385
832	9826
835	19731
839	18170
843	9598
847	17015
851	21910
855	17678
859	21266
863	27236
867	19741
871	2141
875	26782
878	36548
882	16793
886	33039
890	93822
894	142930
898	161304
902	140804
906	88875
910	28127
914	16489
917	33972
921	31627
925	19261
929	12138
933	45896
937	85249
941	109242
945	102336
949	65989
953	22536
957	22774
960	28794
964	20681
968	26495
972	36024
976	32100
980	19672
984	16738
988	25039
992	30669
996	25936
1000	13467
1003	33705
1007	60161
1011	67699
1015	49606
1019	19044
1023	23903
1027	31225
1031	18715
1035	18609
1039	32851
1042	29818
1046	10435
1050	21823
1054	37357
1058	32660
1062	11555
1066	16160
1070	37139
1074	49964
1078	54123
1082	49390
1085	36742
1089	19388
1093	11823
1097	24102
1101	28082
1105	17305
1109	3704
1113	19799
1117	22641
1121	12280
1125	13604
1128	24618
1132	28143
1136	42687
1140	70829
1144	87897
1148	78656
1152	46649
1156	11438
1160	18503
1164	22367
1167	14660
1171	17264
1175	20645
1179	12398
1183	3755
1187	10366
1191	6113
1195	6951
1199	16965
1203	18094
1207	11138
1210	9171
1214	13800
1218	12380
1222	10863
1226	14581
1230	13834
1234	8034
1238	5092
1242	3764
1246	3182
1250	11944
1253	16719
1257	12593
1261	914
1265	13251
1269	20577
1273	18662
1277	12564
1281	15621
1285	23979
1289	28194
1292	26564
1296	23600
1300	25004
1304	25265
1308	18675
1312	12332
1316	15199
1320	14388
1324	9847
1328	15694
1332	20602
1335	14631
1339	2798
1343	17502
1347	23681
1351	16568
1355	4777
1359	12544
1363	14891
1367	7534
1371	4979
1375	13289
1378	13419
1382	5987
1386	4128
1390	8883
1394	7367
1398	2358
1402	6431
1406	12784
1410	17242
1414	18335
1417	15867
1421	11982
1425	9855
1429	12383
1433	18943
1437	23877
1441	23262
1445	18660
1449	15678
1453	15242
1457	13221
1460	10825
1464	11185
1468	10310
1472	7509
1476	8861
1480	10424
1484	7834
1488	5687
1492	9181
1496	11133
1500	9897
1503	8854
1507	10717
1511	13168
1515	13765
1519	11181
1523	6601
1527	5429
1531	6468
1535	4378
1539	5450
1542	10738
1546	12085
1550	8706
1554	6821
1558	9130
---
808	18308
812	23962
816	18664
820	10833
824	14203
828	14956
832	7671
835	6036
839	13309
843	16886
847	19040
851	18459
855	13233
859	9490
863	9548
867	6578
871	12176
875	18845
878	13780
882	13331
886	49777
890	91669
894	121950
898	125143
902	94947
906	41147
910	13566
914	39475
917	29019
921	10051
925	34064
929	29856
933	14621
937	56781
941	81850
945	79691
949	86049
953	113582
957	118286
960	81514
964	22679
968	29076
972	40508
976	19306
980	19175
984	34433
988	28642
992	23484
996	23631
1000	16018
1003	49674
1007	83655
1011	86857
1015	55876
1019	18097
1023	31482
1027	34999
1031	23677
1035	24830
1039	22216
1042	5522
1046	16570
1050	16564
1054	6524
1058	31725
1062	32893
1066	14526
1070	74670
1074	130863
1078	144963
1082	107786
1085	42383
1089	24638
1093	43510
1097	28734
1101	21673
1105	32864
1109	20072
1113	9770
1117	32846
1121	32226
1125	12452
1128	16323
1132	24788
1136	34591
1140	62850
1144	83042
1148	75760
1152	44599
1156	21771
1160	32853
1164	30109
1167	16028
1171	21782
1175	26628
1179	19424
1183	22253
1187	33316
1191	32823
1195	22396
1199	19461
1203	23998
1207	21890
1210	16443
1214	12898
1218	9105
1222	15960
1226	24005
1230	20589
1234	15486
1238	31047
1242	40840
1246	32838
1250	20505
1253	30723
1257	35365
1261	25426
1265	31686
1269	51113
1273	55518
1277	42024
1281	23026
1285	12585
1289	4459
1292	9668
1296	19914
1300	18450
1304	6782
1308	11778
1312	18734
1316	14049
1320	1984
1324	8601
1328	11083
1332	7009
1335	10500
1339	16274
1343	14996
1347	7181
1351	8036
1355	15154
1359	14079
1363	4206
1367	9454
1371	17880
1375	16278
1378	7966
1382	10800
1386	15037
1390	11005
1394	6706
1398	8874
1402	5347
1406	3550
1410	8141
1414	6554
1417	19263
1421	36422
1425	44308
1429	38908
1433	26811
1437	19589
1441	16059
1445	9801
1449	8478
1453	9812
1457	6175
1460	5682
1464	7890
1468	6021
1472	8560
1476	13598
1480	14533
1484	12546
1488	10403
1492	8397
1496	8927
1500	10342
1503	8177
1507	6075
1511	8186
1515	7375
1519	6411
1523	9959
1527	9455
1531	3307
1535	7137
1539	11112
1542	7906
1546	990
1550	5413
1554	8628
1558	11750
---
808	51870
812	36918
816	34969
820	46203
824	48788
828	43701
832	38815
835	33475
839	33538
843	40154
847	40755
851	42550
855	55630
859	61750
863	48306
867	34685
871	44979
875	42012
878	27647
882	44331
886	45737
890	14029
894	80052
898	156001
902	187708
906	152218
910	68407
914	40732
917	79475
921	65325
925	26024
929	51330
933	65956
937	43486
941	38103
945	66345
949	67856
953	50468
957	46665
960	44237
964	34078
968	47575
972	60088
976	47927
980	47385
984	72313
988	67060
992	38543
996	87625
1000	146435
1003	162134
1007	126839
1011	61745
1015	9697
1019	26956
1023	23223
1027	21707
1031	26763
1035	23069
1039	26487
1042	37188
1046	43066
1050	49519
1054	53421
1058	40290
1062	21781
1066	47915
1070	77839
1074	96231
1078	103573
1082	98746
1085	77763
1089	41486
1093	22598
1097	43604
1101	46506
1105	37291
1109	37119
1113	38423
1117	35872
1121	39387
1125	41771
1128	40673
1132	56157
1136	74198
1140	73778
1144	63855
1148	64184
1152	62290
1156	40184
1160	8606
1164	37861
1167	48547
1171	31316
1175	33424
1179	54188
1183	49538
1187	27707
1191	34392
1195	44633
1199	28174
1203	14885
1207	41416
1210	41207
1214	19820
1218	39942
1222	57864
1226	46059
1230	26608
1234	46113
1238	52889
1242	33751
1246	54464
1250	90032
1253	87972
1257	41238
1261	33704
1265	105018
1269	145895
1273	143270
1277	106246
1281	55511
1285	7688
1289	27986
1292	40101
1296	27919
1300	10567
1304	26147
1308	34288
1312	27486
1316	15789
1320	16789
1324	17750
1328	17548
1332	25036
1335	27346
1339	19234
1343	6988
1347	8738
1351	14591
1355	19061
1359	22470
1363	21322
1367	21701
1371	27731
1375	28454
1378	22146
1382	21919
1386	26989
1390	21656
1394	9810
1398	22788
1402	28530
1406	16706
1410	18763
1414	34598
1417	31733
1421	6879
1425	28887
1429	55789
1433	56995
1437	31349
1441	7087
1445	30310
1449	31870
1453	15916
1457	13748
1460	26361
1464	27245
1468	22242
1472	20900
1476	16994
1480	14470
1484	23447
1488	27400
1492	22109
1496	19132
1500	24393
1503	23716
1507	14636
1511	12848
1515	17621
1519	17045
1523	18328
1527	21511
1531	20125
1535	18909
1539	23373
1542	23852
1546	15980
1550	14166
1554	21667
1558	23877
---
808	13582
812	12328
816	8690
820	8581
824	12619
828	18219
832	20881
835	16622
839	10226
843	10374
847	8686
851	7868
855	10792
859	12452
863	11442
867	2701
871	14406
875	21162
878	12118
882	4475
886	10198
890	32660
894	69742
898	98353
902	107986
906	95504
910	58811
914	13497
917	35223
921	43024
925	24135
929	2751
933	22440
937	30187
941	26399
945	25621
949	30038
953	21062
957	4746
960	20353
964	27954
968	27036
972	24441
976	26151
980	26916
984	19068
988	7682
992	8181
996	12524
1000	19896
1003	27674
1007	31016
1011	30946
1015	28807
1019	19394
1023	3915
1027	18878
1031	26324
1035	20999
1039	13348
1042	15646
1046	21328
1050	23634
1054	20609
1058	14925
1062	16383
1066	22459
1070	23484
1074	22654
1078	23054
1082	21526
1085	18742
1089	9193
1093	9913
1097	25640
1101	25189
1105	10247
1109	10025
1113	14888
1117	8220
1121	5946
1125	20316
1128	20771
1132	3227
1136	43789
1140	77884
1144	86847
1148	69692
1152	37823
1156	8222
1160	20459
1164	22194
1167	14959
1171	22290
1175	24621
1179	16147
1183	12316
1187	18763
1191	21027
1195	18355
1199	19046
1203	19090
1207	11602
1210	11250
1214	17903
1218	17174
1222	11232
1226	9705
1230	14680
1234	15676
1238	18187
1242	24373
1246	22651
1250	11673
1253	3482
1257	10334
1261	11934
1265	6206
1269	12610
1273	21671
1277	16011
1281	9616
1285	28473
1289	37628
1292	33072
1296	18722
1300	2899
1304	18319
1308	20674
1312	7589
1316	12868
1320	20998
1324	15005
1328	6384
1332	20705
1335	34008
1339	35099
1343	23137
1347	17212
1351	21872
1355	16829
1359	9887
1363	13412
1367	14212
1371	11380
1375	9849
1378	14684
1382	20502
1386	23517
1390	23739
1394	20522
1398	14444
1402	8655
1406	8470
1410	11726
1414	11535
1417	8469
1421	8748
1425	10515
1429	10265
1433	11080
1437	13065
1441	12644
1445	10682
1449	9120
1453	8769
1457	12327
1460	14045
1464	10048
1468	5200
1472	6972
1476	8277
1480	7490
1484	6222
1488	7889
1492	10235
1496	10525
1500	9750
1503	8927
1507	8192
1511	7629
1515	7071
1519	6558
1523	7803
1527	8989
1531	6665
1535	7035
1539	11563
1542	11408
1546	6487
1550	3051
1554	9535
1558	14462
---
808	19405
812	18467
816	10328
820	653
824	8645
828	11103
832	7552
835	17298
839	21912
843	13490
847	10514
851	15119
855	10454
859	7821
863	17759
867	21152
871	8249
875	15279
878	28308
882	13316
886	26423
890	70300
894	99132
898	104306
902	84260
906	46549
910	12308
914	11278
917	7892
921	5840
925	3605
929	13647
933	26573
937	31619
941	29320
945	20550
949	10623
953	13621
957	14906
960	10702
964	6743
968	3246
972	6761
976	10397
980	10010
984	7721
988	13949
992	17257
996	8847
1000	33129
1003	67940
1007	89154
1011	87913
1015	65107
1019	27771
1023	10703
1027	30522
1031	25475
1035	9713
1039	16943
1042	18299
1046	7371
1050	10057
1054	25220
1058	25564
1062	9814
1066	33890
1070	64875
1074	85461
1078	91322
1082	75961
1085	42296
1089	14249
1093	23154
1097	23557
1101	10983
1105	12509
1109	23190
1113	18266
1117	14629
1121	24838
1125	18530
1128	12702
1132	44617
1136	70842
1140	77085
1144	57554
1148	21627
1152	10179
1156	20929
1160	12937
1164	2185
1167	8960
1171	8433
1175	2618
1179	12353
1183	16841
1187	10739
1191	6722
1195	10020
1199	5444
1203	2876
1207	8455
1210	10133
1214	7742
1218	2908
1222	5312
1226	6144
1230	7070
1234	6989
1238	3926
1242	10485
1246	15484
1250	14346
1253	7890
1257	11110
1261	23733
1265	28040
1269	20703
1273	9467
1277	6815
1281	6487
1285	4285
1289	3454
1292	3625
1296	2182
1300	3148
1304	5615
1308	4975
1312	5491
1316	6258
1320	3562
1324	2610
1328	4835
1332	5646
1335	3880
1339	3425
1343	9398
1347	11231
1351	7958
1355	5098
1359	4197
1363	1896
1367	3184
1371	6508
1375	9945
1378	9738
1382	4624
1386	5505
1390	9081
1394	6539
1398	1349
1402	5768
1406	8178
1410	8305
1414	4031
1417	6349
1421	18343
1425	24644
1429	22792
1433	17824
1437	13470
1441	7741
1445	5157
1449	7073
1453	7711
1457	7569
1460	4358
1464	2100
1468	4597
1472	4092
1476	4554
1480	4115
1484	1467
1488	2576
1492	5347
1496	6977
1500	4201
1503	2650
1507	7198
1511	5912
1515	2064
1519	4551
1523	4548
1527	2771
1531	3380
1535	6831
1539	7542
1542	5141
1546	5319
1550	4620
1554	4757
1558	7466
---
808	23898
812	11970
816	16901
820	24640
824	26963
828	25813
832	30862
835	41195
839	46946
843	46790
847	43604
851	37219
855	28448
859	23053
863	23341
867	26737
871	37928
875	49376
878	49092
882	44333
886	55270
890	71296
894	73173
898	54459
902	22975
906	4854
910	8048
914	7158
917	22529
921	23534
925	11127
929	17555
933	34809
937	41173
941	31389
945	13017
949	4651
953	12136
957	29108
960	42575
964	44096
968	37527
972	31391
976	26420
980	20339
984	27656
988	37603
992	30142
996	10176
1000	31742
1003	57800
1007	71293
1011	68235
1015	54719
1019	43141
1023	31497
1027	17291
1031	24506
1035	34640
1039	31575
1042	18074
1046	11100
1050	27790
1054	37325
1058	29056
1062	22828
1066	53896
1070	85488
1074	104744
1078	107770
1082	91808
1085	61740
1089	29690
1093	7661
1097	18618
1101	22738
1105	12598
1109	8104
1113	16041
1117	14936
1121	11037
1125	11957
1128	12740
1132	12174
1136	17522
1140	20102
1144	12284
1148	7937
1152	16103
1156	16033
1160	10112
1164	8395
1167	11619
1171	12410
1175	18188
1179	26417
1183	25389
1187	14795
1191	8793
1195	13187
1199	12197
1203	4231
1207	7273
1210	15682
1214	17484
1218	16399
1222	15571
1226	13181
1230	12677
1234	16514
1238	20979
1242	25257
1246	29517
1250	35409
1253	48737
1257	67067
1261	79338
1265	78570
1269	64282
1273	40617
1277	18709
1281	14691
1285	14983
1289	10539
1292	2812
1296	13062
1300	23165
1304	21398
1308	11647
1312	16847
1316	27247
1320	28409
1324	16822
1328	4565
1332	19414
1335	22056
1339	13424
1343	2704
1347	5133
1351	14019
1355	25795
1359	35294
1363	36824
1367	33037
1371	34688
1375	39420
1378	38518
1382	32734
1386	26482
1390	20053
1394	10899
1398	8721
1402	17081
1406	18613
1410	14178
1414	13629
1417	18325
1421	23110
1425	26329
1429	27234
1433	27724
1437	27354
1441	21097
1445	8874
1449	8183
1453	13697
1457	12122
1460	10299
1464	13059
1468	14364
1472	12125
1476	12786
1480	15370
1484	11505
1488	4859
1492	8021
1496	7618
1500	2811
1503	6959
1507	11645
1511	10061
1515	7147
1519	16561
1523	21954
1527	19498
1531	17899
1535	20831
1539	21381
1542	18987
1546	17473
1550	14788
1554	6183
1558	8674
---
808	27828
812	24145
816	25701
820	27043
824	28797
828	32673
832	30909
835	25605
839	28068
843	28862
847	22025
851	20706
855	28744
859	29008
863	20255
867	26813
871	33726
875	22930
878	17903
882	29368
886	27078
890	18015
894	29796
898	46009
902	47558
906	37993
910	37412
914	36239
917	25374
921	29069
925	36285
929	31270
933	32138
937	52598
941	66375
945	56637
949	35386
953	39569
957	46386
960	37954
964	31622
968	34476
972	33783
976	32587
980	36783
984	39435
988	43371
992	49140
996	45633
1000	54124
1003	93583
1007	129090
1011	133493
1015	97885
1019	36123
1023	27080
1027	51698
1031	38752
1035	18910
1039	36838
1042	42153
1046	27287
1050	28448
1054	50657
1058	51703
1062	34054
1066	60013
1070	103069
1074	123882
1078	116150
1082	86402
1085	47381
1089	19866
1093	14570
1097	5503
1101	16805
1105	20427
1109	7319
1113	12665
1117	21442
1121	15100
1125	2382
1128	24045
1132	40144
1136	39971
1140	21964
1144	2791
1148	17388
1152	17794
1156	12199
1160	12781
1164	14623
1167	14304
1171	16416
1175	19688
1179	19078
1183	19501
1187	22467
1191	19356
1195	11363
1199	13257
1203	19660
1207	19394
1210	15278
1214	20431
1218	24257
1222	18915
1226	21028
1230	29469
1234	26876
1238	13245
1242	28502
1246	57969
1250	70222
1253	53831
1257	16022
1261	33285
1265	72235
1269	92102
1273	82648
1277	49278
1281	27529
1285	41689
1289	43774
1292	28695
1296	19302
1300	31531
1304	32241
1308	20831
1312	21276
1316	24677
1320	17076
1324	12264
1328	20230
1332	22074
1335	16732
1339	19539
1343	24164
1347	19479
1351	16440
1355	20324
1359	18507
1363	13110
1367	15768
1371	20404
1375	18849
1378	16693
1382	18593
1386	16912
1390	14150
1394	15681
1398	15776
1402	14303
1406	14448
1410	13296
1414	14303
1417	24436
1421	28878
1425	22595
1429	26860
1433	39190
1437	38456
1441	23823
1445	10376
1449	21119
1453	24321
1457	14136
1460	15343
1464	23052
1468	18018
1472	13001
1476	18839
1480	18761
1484	12563
1488	14911
1492	20106
1496	16571
1500	15322
1503	21319
1507	19106
1511	12239
1515	14761
1519	16810
1523	13026
1527	13612
1531	18875
1535	16814
1539	14197
1542	20235
1546	19446
1550	11481
1554	13696
1558	18121
---
808	79929
812	78162
816	46701
820	18189
824	14949
828	18131
832	48836
835	72522
839	73565
843	58750
847	46192
851	41053
855	36979
859	32304
863	29697
867	46981
871	70697
875	71653
878	37335
882	24313
886	77011
890	96717
894	75830
898	36930
902	23517
906	22443
910	37191
914	75410
917	101522
921	105581
925	99151
929	96395
933	92627
937	77864
941	68397
945	92559
949	120205
953	123413
957	108831
960	96750
964	83670
968	67988
972	80529
976	101825
980	97207
984	70212
988	46457
992	46448
996	67214
1000	85696
1003	79275
1007	46711
1011	13653
1015	16353
1019	7213
1023	18858
1027	29742
1031	18263
1035	10788
1039	30938
1042	47185
1046	70895
1050	90977
1054	88676
1058	63451
1062	29300
1066	13203
1070	47058
1074	74670
1078	77982
1082	56431
1085	38341
1089	47484
1093	53865
1097	54173
1101	55407
1105	54096
1109	55162
1113	61611
1117	59437
1121	43376
1125	31355
1128	38691
1132	44851
1136	48157
1140	54839
1144	56083
1148	44343
1152	27930
1156	23424
1160	21533
1164	15412
1167	20625
1171	37405
1175	65710
1179	93871
1183	100799
1187	77189
1191	35280
1195	2741
1199	10483
1203	19394
1207	44517
1210	59672
1214	60459
1218	57080
1222	49277
1226	30861
1230	19798
1234	27180
1238	21776
1242	14257
1246	24525
1250	26501
1253	29155
1257	41491
1261	43813
1265	30466
1269	15765
1273	16557
1277	22010
1281	31746
1285	36545
1289	27684
1292	12610
1296	17518
1300	22783
1304	17140
1308	6677
1312	5076
1316	9887
1320	12981
1324	15471
1328	16554
1332	14370
1335	8326
1339	3405
1343	13043
1347	22743
1351	26692
1355	21699
1359	12699
1363	16412
1367	25007
1371	28991
1375	26187
1378	15416
1382	15321
1386	29698
1390	31427
1394	18153
1398	19871
1402	38028
1406	50910
1410	61850
1414	66593
1417	55864
1421	34683
1425	23840
1429	19744
1433	5199
1437	17502
1441	25976
1445	21108
1449	24456
1453	32722
1457	29364
1460	25455
1464	30007
1468	27044
1472	20263
1476	23426
1480	20325
1484	10401
1488	22536
1492	29930
1496	23858
1500	19123
1503	24921
1507	29174
1511	31493
1515	28530
1519	14738
1523	6028
1527	19572
1531	17721
1535	5332
1539	20216
1542	32040
1546	32251
1550	25091
1554	17771
1558	13785
---
808	22098
812	10396
816	3942
820	10290
824	21273
828	47816
832	68931
835	65604
839	37318
843	31667
847	54767
851	49737
855	25615
859	45911
863	62678
867	42281
871	15558
875	60828
878	81028
882	64926
886	40644
890	50557
894	57162
898	42130
902	24950
906	31810
910	47021
914	60551
917	61401
921	40159
925	8006
929	34172
933	44329
937	24078
941	19457
945	56732
949	72454
953	60406
957	39994
960	48212
964	58034
968	46635
972	52066
976	96652
980	132721
984	138164
988	114100
992	77735
996	49199
1000	33357
1003	21581
1007	14299
1011	14455
1015	18487
1019	22120
1023	22554
1027	25610
1031	32031
1035	32117
1039	26808
1042	31305
1046	38822
1050	36176
1054	31442
1058	34206
1062	33291
1066	37051
1070	57969
1074	74004
1078	72921
1082	65944
1085	68268
1089	67078
1093	55698
1097	65650
1101	96257
1105	111071
1109	97344
1113	65404
1117	43071
1121	45495
1125	46511
1128	41379
1132	43301
1136	49932
1140	47845
1144	32636
1148	12453
1152	20340
1156	32748
1160	34826
1164	34797
1167	42439
1171	50135
1175	49258
1179	44177
1183	47554
1187	57229
1191	60420
1195	53121
1199	44159
1203	47844
1207	57842
1210	59369
1214	47801
1218	28152
1222	17904
1226	27360
1230	33742
1234	32946
1238	27135
1242	15996
1246	4737
1250	21506
1253	34591
1257	35947
1261	25279
1265	10128
1269	13101
1273	21739
1277	25558
1281	28655
1285	32352
1289	32035
1292	23718
1296	9122
1300	10579
1304	21565
1308	24693
1312	23246
1316	24540
1320	26723
1324	23667
1328	15453
1332	8018
1335	8955
1339	10520
1343	12620
1347	24467
1351	40167
1355	50176
1359	48692
1363	37139
1367	25947
1371	24104
1375	23103
1378	22401
1382	28238
1386	31352
1390	23942
1394	8243
1398	7085
1402	13414
1406	8779
1410	10663
1414	22998
1417	29395
1421	27583
1425	20780
1429	13487
1433	7711
1437	3205
1441	1500
1445	1209
1449	8519
1453	18409
1457	25407
1460	26011
1464	22438
1468	21251
1472	22568
1476	20675
1480	14650
1484	8069
1488	2894
1492	5179
1496	14519
1500	22126
1503	25479
1507	26491
1511	28804
1515	33343
1519	38235
1523	40107
1527	36375
1531	30085
1535	30448
1539	35949
1542	36189
1546	28471
1550	20566
1554	25858
1558	34871
---
808	54058
812	51555
816	47563
820	48776
824	53114
828	55233
832	55800
835	55126
839	48744
843	36729
847	27739
851	26002
855	23376
859	18394
863	18775
867	20164
871	15629
875	19353
878	32934
882	41159
886	43604
890	48394
894	57558
898	64380
902	65154
906	65133
910	71454
914	79002
917	79087
921	73014
925	68406
929	65892
933	59412
937	49254
941	43647
945	41422
949	30867
953	9915
957	15951
960	34223
964	43470
968	46511
972	49120
976	56778
980	69862
984	81247
988	82867
992	74977
996	70601
1000	80448
1003	94153
1007	99603
1011	95076
1015	85494
1019	74866
1023	63351
1027	54659
1031	54295
1035	53867
1039	43611
1042	30213
1046	32284
1050	39586
1054	40865
1058	46674
1062	56674
1066	56755
1070	53927
1074	69741
1078	89962
1082	96438
1085	93570
1089	95242
1093	100454
1097	100988
1101	102084
1105	108684
1109	109229
1113	94484
1117	71375
1121	57318
1125	59031
1128	63858
1132	63418
1136	58141
1140	51994
1144	45298
1148	37525
1152	40764
1156	54325
1160	58718
1164	51404
1167	58364
1171	86673
1175	109503
1179	116915
1183	115840
1187	113023
1191	107824
1195	101765
1199	96701
1203	88710
1207	79432
1210	76198
1214	69443
1218	47862
1222	42174
1226	68222
1230	76595
1234	59094
1238	49862
1242	69041
1246	79477
1250	79575
1253	90049
1257	101896
1261	101135
1265	107077
1269	133348
1273	155762
1277	158195
1281	146796
1285	136031
1289	133930
1292	137288
1296	134122
1300	115138
1304	87521
1308	70284
1312	63085
1316	56462
1320	64702
1324	77545
1328	68372
1332	49533
1335	72655
1339	101166
1343	104320
1347	100798
1351	116119
1355	135561
1359	148257
1363	165147
1367	183733
1371	186308
1375	170751
1378	153758
1382	145787
1386	142540
1390	141843
1394	138777
1398	121016
1402	88721
1406	71937
1410	87601
1414	97144
1417	80464
1421	39388
1425	19767
1429	75007
1433	117675
1437	140221
1441	149444
1445	154684
1449	152429
1453	139973
1457	135509
1460	153600
1464	176611
1468	188088
1472	184954
1476	164300
1480	127811
1484	104070
1488	117331
1492	124827
1496	96306
1500	41371
1503	11691
1507	40144
1511	56293
1515	90299
1519	125454
1523	135819
1527	126086
1531	127282
1535	144717
1539	153485
1542	150415
1546	154067
1550	168154
1554	175071
1558	166757
---
808	212598
812	200015
816	152392
820	126121
824	142641
828	142727
832	107936
835	74783
839	71668
843	66459
847	101020
851	174686
855	218940
859	204300
863	151102
867	117429
871	116406
875	90838
878	24394
882	58638
886	117343
890	130197
894	99205
898	51080
902	64018
906	113986
910	145647
914	153215
917	139747
921	101557
925	33407
929	64731
933	151082
937	190281
941	156536
945	63602
949	67003
953	142972
957	149725
960	84235
964	52509
968	160737
972	242564
976	273370
980	252547
984	191230
988	116581
992	90637
996	123784
1000	144670
1003	137329
1007	107776
1011	61615
1015	36410
1019	79356
1023	106601
1027	98129
1031	63784
1035	20569
1039	25027
1042	68963
1046	93008
1050	74243
1054	18127
1058	74338
1062	126816
1066	125360
1070	76472
1074	16252
1078	14119
1082	9234
1085	55792
1089	90345
1093	74272
1097	19488
1101	73045
1105	112611
1109	115750
1113	142651
1117	188989
1121	182538
1125	99876
1128	45552
1132	129261
1136	131753
1140	45393
1144	111062
1148	224800
1152	260111
1156	212237
1160	139486
1164	127089
1167	145021
1171	159434
1175	202607
1179	260321
1183	294482
1187	295646
1191	278399
1195	255584
1199	222901
1203	169729
1207	95184
1210	14032
1214	50911
1218	79679
1222	69933
1226	35589
1230	26071
1234	55864
1238	70426
1242	66363
1246	49450
1250	32802
1253	49488
1257	84992
1261	112892
1265	120094
1269	101763
1273	61372
1277	24302
1281	80830
1285	156302
1289	221593
1292	255670
1296	243736
1300	186226
1304	98399
1308	19591
1312	93255
1316	153901
1320	179955
1324	177125
1328	163667
1332	156998
1335	154604
1339	140194
1343	107894
1347	68696
1351	40824
1355	30218
1359	21128
1363	17206
1367	39271
1371	68331
1375	96041
1378	117484
1382	127095
1386	121796
1390	103699
1394	79247
1398	56665
1402	41190
1406	33189
1410	44797
1414	81939
1417	128562
1421	167742
1425	185764
1429	175860
1433	139961
1437	88495
1441	40259
1445	30854
1449	47002
1453	55286
1457	58011
1460	58636
1464	56043
1468	48068
1472	34759
1476	19641
1480	10639
1484	16928
1488	42532
1492	80572
1496	115229
1500	130992
1503	120993
1507	90423
1511	55975
1515	38054
1519	29116
1523	8072
1527	23512
1531	51975
1535	72972
1539	95040
1542	123360
1546	145689
1550	147533
1554	129184
1558	107977
---